Lkm,qpsk,qam16,qam64
10,0.00101406849117764,0.000236097106021576,0.000291675344391977
11,0.00121972073175509,0.000400600880708601,0.000622672428946525
12,0.00195444720712697,0.000742198246096106,0.000938279154133404
13,0.00197462619710884,0.000775021289529965,0.000483163059053573
14,0.00217862863994005,0.00108562928164158,0.000667575967391285
15,0.00239656750971622,0.00129244842113579,0.00119593026550228
16,0.00253732275799326,0.00132812926361855,0.000744663949470026
17,0.00330697524448352,0.00134052685437771,0.00147129564519003
18,0.00372954411484853,0.00153731668680802,0.00226473975504696
19,0.00382682767265969,0.0019177245866362,0.00199833799503444
20,0.0046627408514355,0.00218643716785281,0.00158414817209923
21,0.00487582888772549,0.00282511301624115,0.00203705608707466
22,0.0051511196156354,0.0029164919813471,0.00196095401007512
23,0.00541046298035692,0.00255749262222293,0.00235145972128194
24,0.00640307574166058,0.00380192260949114,0.002126250979765
25,0.00677854600234376,0.00358872275797621,0.00340062388540701
26,0.0078599831615206,0.004902263675803,0.00285495690341463
27,0.00862774118875808,0.00389864576635883,0.00416561613587881
28,0.00888831352035456,0.0045697624775752,0.00473979820892147
29,0.0102716763368309,0.00468874162844264,0.00457851046786545
30,0.0100126286232671,0.00504748894477109,0.00439548361891252
31,0.0115372586958144,0.00486318171964667,0.00495052860618016
32,0.0123398488316128,0.00601173585399589,0.0055920660148909
33,0.0120548841019319,0.00603356513167412,0.00506370117516677
34,0.0132235910253793,0.0073541271507295,0.0059432344823184
35,0.0138434014060547,0.007135913236998,0.00555564215614775
36,0.0140349035088162,0.00701075296726922,0.00606590070140147
37,0.0162703828028801,0.00747099039349876,0.00691683757494727
38,0.0168675397503171,0.00878721220630761,0.00836685103267389
39,0.0185039412899374,0.00961944124035838,0.00802911423531142
40,0.0193482023162485,0.00898336166184254,0.00847894722230173
41,0.0202032596211997,0.00966627986469616,0.00835015504726853
42,0.0212952269963174,0.00996803278482828,0.00868468688965163
43,0.0220348570652445,0.010311097048884,0.00829083306821705
44,0.0222611577531351,0.0115083394816904,0.00973757705067465
45,0.0225122753634054,0.0120987936697624,0.00974507599638574
46,0.0249293075794293,0.0127906538288934,0.0107079457360755
47,0.0256623908017965,0.0127636323569361,0.0102056879811385
48,0.025473406961668,0.0124447197627539,0.0123750805849823
49,0.0278416401047631,0.0153153228771678,0.0121809785817044
50,0.0286377131891144,0.0150166377305747,0.0128854247561469
51,0.0308415510153074,0.016328093128314,0.0125195918114731
52,0.0304179169199556,0.0152142631856928,0.013933734988684
53,0.0310985779777248,0.015387540215118,0.0152790907946045
54,0.0336630775106573,0.0166018155800297,0.0151860348245297
55,0.035050878534215,0.0180503065388766,0.0150264875912932
56,0.0348476333915942,0.0183249429112235,0.0138221278681793
57,0.0354211841636632,0.0177811013858119,0.0168283158363667
58,0.0388772888550917,0.0193513386241622,0.0181326842814676
59,0.0386229873058909,0.0209013845572417,0.0173370399681453
60,0.0411213249748231,0.0205265408831987,0.0183053285269251
61,0.042333940378589,0.0221962862945637,0.0199973929759194
62,0.0423302157874306,0.0219504702653377,0.0187692409587493
63,0.0422465595247258,0.0230366027655764,0.0234426180912642
64,0.0442303739710942,0.023683689983106,0.0206480663227071
65,0.0462468755074073,0.0240530999544439,0.0206534703606923
66,0.0479743798402594,0.0270960828531912,0.0215582868159525
67,0.0505954506225659,0.0262325568333749,0.0226274730043058
68,0.0505827752170888,0.027035338346523,0.0227512646151108
69,0.0519925714928229,0.0263566057816941,0.0245358238761242
70,0.054218328027661,0.0300576403770514,0.0252915067796026
71,0.0519451538217541,0.0274396502959739,0.0251706319712463
72,0.0553037163463531,0.0304156135580758,0.0244438530088532
73,0.0574089921038905,0.0289127327564271,0.0266071982360257
74,0.0611618702850025,0.0318033425162792,0.025020293144241
75,0.0606830458754287,0.0297291439071424,0.0280684835130404
76,0.0609545363976727,0.032736510107235,0.0290550244148986
77,0.0612702019166487,0.0331090980447053,0.0281724974745814
78,0.0632708954716594,0.0320623446374449,0.0301503920792232
79,0.065677046706186,0.0352583381425052,0.031422447567617
80,0.0672025559604093,0.0368461730914836,0.0317669142362568
81,0.0673772571396659,0.0348549701230704,0.0314088210929204
82,0.0695090791300192,0.0357796734229272,0.0329717441245015
83,0.0709580966495733,0.0363820630956875,0.0321448503766123
84,0.0720565562043935,0.0420598542413353,0.0332777286288086
85,0.0750981021141742,0.0414597395617351,0.0314681923411146
86,0.0752249183022019,0.0432600519590549,0.0362618953806874
87,0.0785170087685216,0.0415418254163184,0.0332552849175511
88,0.0775152822753545,0.0430296953599109,0.0352276053877195
89,0.0806064091027251,0.0432220509993856,0.037036271988416
90,0.0815692951623191,0.0448379803017207,0.0365691084488303
91,0.0830580888359763,0.0432007396957223,0.0426279943368334
92,0.0869166540003818,0.0458498474725555,0.0407748498560347
93,0.0859071735970005,0.0511433639387797,0.0402736349224594
94,0.0864108266774157,0.0478410855882433,0.0405685903493977
95,0.0900720796801915,0.0494554654335004,0.0417910206621758
96,0.0905365014702816,0.0501822443960674,0.044078291436107
97,0.092331591228672,0.050423812730723,0.0424712368236514
98,0.0927958141929015,0.0501852292770172,0.0445279532796037
99,0.0942236401445692,0.0483816961351298,0.0435168865554056
100,0.0967279615888135,0.0545126667173783,0.0470571472784566
125,0.133745510198127,0.0712473427636007,0.0653986271125949
150,0.171034806629522,0.0985109741261104,0.0859133371061236
175,0.206151932955131,0.120167220110935,0.103855439876167
200,0.239793376342686,0.130586509083818,0.123445551741515
225,0.259275808769695,0.157699330452733,0.136495682878569
250,0.287020544994016,0.160864901811091,0.146898262530366
275,0.303537594085491,0.174804040250058,0.15679087545165
300,0.319786959989424,0.184302328122585,0.166394417099748
325,0.332002525920108,0.196296233863446,0.175641186266235
350,0.337354113967818,0.203552534352974,0.17348963823273
375,0.34556440027199,0.205299313360286,0.184721306308338
400,0.346276008740849,0.20804363511484,0.185205979746718
425,0.348830499835579,0.209663495332539,0.181267029709925
450,0.350095254177815,0.206399836501856,0.192204841130754
475,0.356119345953726,0.214091422192622,0.193009649469353
500,0.364935123171326,0.217175342656707,0.193163361461989
525,0.366946650996259,0.221735471983652,0.190584834702559
550,0.366549835125248,0.220091617113379,0.197506451154984
575,0.373647659687034,0.220973752237281,0.206372484245549
600,0.376947826045619,0.232172220599906,0.200486189971164
625,0.379561411874478,0.230868181421298,0.200782425407855
650,0.380952678763778,0.230356683678493,0.202711155019993
675,0.384434601966888,0.235344118732906,0.205423019332873
700,0.385837226236071,0.228401125210291,0.200941886401357
725,0.391395440343192,0.231047240111036,0.206950920428157
750,0.392101331642864,0.237998412417756,0.204097377464434
775,0.383509346611455,0.230265637399386,0.214113029890813
800,0.391439762701608,0.229151034622448,0.207294587608058
825,0.395413112117076,0.23407154968022,0.211321733639683
850,0.392893059611866,0.246325280529097,0.2163837345213
875,0.392304297429412,0.236227642632033,0.216167006233177
900,0.393514162906094,0.246772087621993,0.214841977216279
925,0.396024402714254,0.239440993720238,0.21618154295712
950,0.401404573457634,0.246155546373786,0.220477857778009
975,0.399214198058212,0.235287849962177,0.219192002760895
1000,0.396287107668946,0.233619224893784,0.21883112114023
1000,0.397458156943366,0.249060675527592,0.210588660949891
1100,0.402122955689707,0.256767072365982,0.21972665549699
1200,0.406506019263443,0.246170090754178,0.22536489400627
1300,0.406690509385397,0.241944461469853,0.222807835009968
1400,0.41471368648644,0.255957059749623,0.221623666098582
1500,0.418853068251388,0.257130862676453,0.228871177599923
1600,0.410041271778113,0.246577682080621,0.225851631711806
1700,0.411612011756808,0.254310618563466,0.226959145959413
1800,0.411848561862445,0.259402677039068,0.223976642520862
1900,0.418203606657442,0.251106045132554,0.235191295548487
2000,0.415739932710595,0.255373704290522,0.233805617263506
2100,0.412541178395217,0.250836273583862,0.230567418343374
2200,0.419776154378086,0.257143408582991,0.226656490097071
2300,0.423310921447644,0.252073809573521,0.232723791084168
2400,0.425157410347522,0.260652172706451,0.226777470499109
2500,0.428199255067471,0.264107432814434,0.226444655878763
2600,0.424215872626555,0.253178746187826,0.232627114448461
2700,0.426257009305136,0.259946083586109,0.224541864214901
2800,0.420544333174854,0.263654373274008,0.232068612438415
2900,0.422392135530276,0.259685761908962,0.231633919354355
3000,0.424853083717498,0.259899653880804,0.235286143641114
3100,0.42221747088067,0.263453567024252,0.231416763459123
3200,0.426925773882299,0.257041592475587,0.230658766484228
3300,0.429711633312063,0.260722053494338,0.234301006980736
3400,0.424402428966451,0.259279900975657,0.233549973122685
3500,0.421861371579758,0.265605578979038,0.224882576386388
3600,0.426158839101722,0.263003572543733,0.229623642966309
3700,0.423213824518353,0.262764930854581,0.234122925938838
3800,0.426725493423717,0.260879318161124,0.242939628666329
3900,0.424999034625074,0.260159357775694,0.23157917696859
4000,0.432638047802578,0.254609815368605,0.237871906734334
4100,0.428739476418116,0.267276478947913,0.227657173606284
4200,0.431222798962259,0.269655033274684,0.230174210520053
4300,0.430876786747598,0.262289324729874,0.235591251312892
4400,0.428632527768747,0.256286961285413,0.231206245789399
4500,0.42985119831487,0.264083707417547,0.236945995116433
4600,0.428913448074424,0.258641442578874,0.238990025778019
4700,0.423758643939718,0.268889724333024,0.239251856240532
4800,0.42922046280169,0.26283521022701,0.227284498833993
4900,0.426232829582185,0.256774678401072,0.235796476465726
5000,0.420303249869972,0.261837808843581,0.235677450467167
5100,0.43014754455785,0.266324219164177,0.239477054874607
5200,0.428638098436585,0.259897713602843,0.226281830320391
5300,0.432855197186121,0.263523431300108,0.232435356364032
5400,0.419829740979492,0.260855170111985,0.237735537855553
5500,0.424260644335391,0.260987929680191,0.240968585838409
5600,0.431078171983047,0.267789000667951,0.234151514618485
5700,0.436313488388572,0.261652783794351,0.23738184160647
5800,0.430354474441368,0.268733826865325,0.234150377073523
5900,0.432409749782882,0.265048004349369,0.239181970362155
6000,0.427531169012991,0.265801629797571,0.23762239529151
6100,0.427407577661415,0.264740326033079,0.246038758662746
6200,0.433020792206158,0.264231530036,0.22761685464304
6300,0.427378876346339,0.266937798516637,0.239912586820362
6400,0.43192964209923,0.261917846971538,0.234312218210812
6500,0.437986657398898,0.272044372706187,0.233687639906121
6600,0.434188475922787,0.263020169082709,0.23305165983801
6700,0.42898902889863,0.264100294167004,0.228533605115597
6800,0.425196157029771,0.262231954712165,0.237728957783327
6900,0.433722170354443,0.264083160072408,0.229588552908392
7000,0.427394682155947,0.259752926760478,0.23806645363631
7100,0.427877062439191,0.259332059321127,0.232299637882843
7200,0.431920542860109,0.264243723655864,0.230850684077676
7300,0.43041329466411,0.269257465040578,0.231148450619118
7400,0.430243590122358,0.260427830298516,0.231449954211671
7500,0.437607747618033,0.271638465478094,0.230173184185509
7600,0.431356089812579,0.256208536054698,0.243951246726896
7700,0.429012774633946,0.268525484850632,0.239740856063905
7800,0.431942451707002,0.260300800599288,0.240527013434283
7900,0.431336726846189,0.26121547320624,0.23578212391874
8000,0.427059432020649,0.266243336118487,0.236179797056338
