Lkm,L1000,L1100,L1200,L1300,L1400,L1500,L1600,L1700,L1800,L1900
1,-1.64333348040158e-05,-4.74403273692969e-05,-0.000162696941208242,-0.000312139744414894,-0.000480903970152773,-0.000661475648307666,-0.000831604530325962,-0.00100070057877344,-0.00119080837182758,-0.00135915928074297
2,-5.54307389806441e-05,-0.000133169196624392,-0.000539100141863442,-0.00109534302282988,-0.00177481121453786,-0.00246773232033182,-0.00315094778218486,-0.00379873015128875,-0.00449985616774728,-0.0051154291925064
3,-0.000101227263294814,-0.000252804727750093,-0.00113149331738167,-0.00237588084758011,-0.00380997868006138,-0.0053442282835345,-0.00688161675161845,-0.0084266004709163,-0.00985236481409597,-0.0113420403647373
4,-0.000153068651724366,-0.000419122670998138,-0.00196407889278112,-0.0041774551272245,-0.00670697821583118,-0.00945025402230657,-0.0121050840001753,-0.0148808638896936,-0.0172687333779589,-0.0196773236629051
5,-0.000217919625353247,-0.000631388277933787,-0.0030439894261224,-0.00645142128806211,-0.0104533332939239,-0.0145761578777759,-0.0186327672282048,-0.02254666316273,-0.0266083513476039,-0.0304467928804529
6,-0.000299556096163034,-0.000881523334830647,-0.00431493161932258,-0.00927009282381125,-0.014814550049321,-0.0206046012778257,-0.0263702101167272,-0.0322655489316621,-0.0374808876625841,-0.0425926030966244
7,-0.000391812463355121,-0.00117064459209197,-0.00578827353197568,-0.012457718362787,-0.0200579842804241,-0.0277108249493975,-0.0355251191630832,-0.0428634576778528,-0.0503442717046827,-0.0569176936703797
8,-0.000496288668070592,-0.00150711107420948,-0.00757270527959923,-0.0161136291018116,-0.0258180084021877,-0.0358318390698188,-0.0460508769310492,-0.0551424840796295,-0.0641324300702665,-0.0721009514598326
9,-0.000619414454188534,-0.00189565460009327,-0.00949430526061006,-0.0203445570102597,-0.032359883954717,-0.0447295765075576,-0.0568456774796465,-0.0683360663405621,-0.0798214627164844,-0.0892433040970829
10,-0.000751486280187499,-0.00231170266321144,-0.0116195813918408,-0.0248824403446057,-0.0394413080203937,-0.0542158536824991,-0.0691785224738512,-0.0822336144083692,-0.0942543099784895,-0.107225091685189
11,-0.000892348428158338,-0.00277857972418704,-0.0139982293351269,-0.0294850435117879,-0.0475027574402477,-0.0649804251341661,-0.0812533124855216,-0.0968759856952228,-0.111547542039028,-0.123944108425421
12,-0.00104686160196965,-0.00329990528582109,-0.0166502089525458,-0.0349580746265796,-0.0552084936088759,-0.0758953972506712,-0.0950268659885839,-0.111132310196974,-0.127571073590902,-0.140878592654018
13,-0.00121380121100583,-0.00383708640969091,-0.019405527409003,-0.0406688268730564,-0.0637646811136096,-0.0865349812784619,-0.108263094062679,-0.127568765335198,-0.144328558371815,-0.158805481559595
14,-0.00140747648874335,-0.00446658354422282,-0.022386354576029,-0.0470009382150418,-0.0732971808916011,-0.098731369708049,-0.122337935327489,-0.142313168521934,-0.161012968725284,-0.173804177446623
15,-0.00162233406041124,-0.00508913056229493,-0.0255462552688464,-0.0538576018440113,-0.0826161818079688,-0.110325769680238,-0.134749355213232,-0.156827456187882,-0.17462067211888,-0.188643483448449
16,-0.00184202194055471,-0.00579585733867974,-0.0290062774066157,-0.060226327398766,-0.0922791106953565,-0.123001984169597,-0.1481066369449,-0.171232045441321,-0.18997008808466,-0.202007283628104
17,-0.00204366424273097,-0.00651916941254122,-0.0326164600148202,-0.0671952320508609,-0.10235590617591,-0.135230543564268,-0.160778586234905,-0.182603280305535,-0.199473983539556,-0.212708683641825
18,-0.00227570006486065,-0.00730331489237476,-0.036175747135781,-0.0743705867200697,-0.112116670780709,-0.145993079780756,-0.174858551607659,-0.195151665002778,-0.211791524671797,-0.219651686172328
19,-0.00253010522096271,-0.0080278939764534,-0.0399648620618611,-0.0806363024029501,-0.121773844489356,-0.156587264353243,-0.185798370463714,-0.206411207822298,-0.219957463506121,-0.227778425909751
20,-0.00278224420153539,-0.00896880973943084,-0.0439400162769377,-0.0889275969361355,-0.132567026590494,-0.167810466088785,-0.197859661840173,-0.216503267684078,-0.226220843169342,-0.234644260205536
21,-0.00306124284048916,-0.00984632382482862,-0.0481299876060389,-0.0965038988579797,-0.141913765947027,-0.17909199678197,-0.206921491883566,-0.221380551225396,-0.233258373852085,-0.233973391482114
22,-0.00335491683500928,-0.0108199279660168,-0.0523978875301198,-0.104938114454146,-0.151897602247574,-0.189170201050122,-0.214457999732483,-0.228295252086224,-0.232816319597018,-0.235457510649655
23,-0.00362588804521866,-0.0116864751967192,-0.0571666245051114,-0.112873099910411,-0.16108293273185,-0.197938554590599,-0.219097080107765,-0.233767184460629,-0.236043399798347,-0.235895741794781
24,-0.00394340286434432,-0.0127398333805782,-0.0610218840293208,-0.120261037063042,-0.170978608918765,-0.206247771309353,-0.226102053902415,-0.234831634801638,-0.234746613827986,-0.225757223211222
25,-0.00430552604895657,-0.0138151498968556,-0.0659681806284631,-0.12766117312138,-0.179787799252683,-0.212561421065912,-0.231231362138246,-0.237013384490461,-0.230884396737101,-0.222312798580203
26,-0.00463207277482348,-0.0147636431879652,-0.0710391711803229,-0.135671263968717,-0.188009263982246,-0.222995117491289,-0.233845599328057,-0.235894414716674,-0.228686219528879,-0.219306391146192
27,-0.0049816995153669,-0.0159850291255556,-0.0759530055394016,-0.143862118297462,-0.194775022769228,-0.225913769840904,-0.238586777107388,-0.235605536878099,-0.22011209500869,-0.212314680038495
28,-0.00535097756413297,-0.0171111261942481,-0.081142189551624,-0.152425493846673,-0.20244245198631,-0.23040077481509,-0.234722816221911,-0.229242291650006,-0.218200815623545,-0.203862387965897
29,-0.00576053438465718,-0.018271028369936,-0.0858549856193883,-0.159064501672514,-0.209282541375004,-0.230480593055667,-0.236989964309432,-0.225583765465866,-0.210027008226804,-0.201078455045355
30,-0.00612285760585686,-0.0197605199085654,-0.0919509314805954,-0.166318238975049,-0.213686721007685,-0.232398628509003,-0.232100891465987,-0.218695760160625,-0.205095964920027,-0.190198278735939
31,-0.00660201542865351,-0.0209048999109923,-0.0970902524263739,-0.172555455609917,-0.220722011634042,-0.236766317413061,-0.225540729322695,-0.216735900593788,-0.19909496360809,-0.183120596261399
32,-0.00703441161775653,-0.0221800318673837,-0.100880033326932,-0.180977067103696,-0.223276804467969,-0.238688115693554,-0.226396174860685,-0.20660888125779,-0.190020469708066,-0.176790001099464
33,-0.00740547482578867,-0.0238450514895276,-0.10689747732436,-0.186591643713642,-0.228291788063314,-0.234477123430473,-0.221074332944448,-0.201280645258341,-0.185533766500407,-0.174989061299091
34,-0.00786043780330435,-0.0248195543639956,-0.11193245414323,-0.191699797836206,-0.231479040575182,-0.233429721320994,-0.21627611017341,-0.196691241040158,-0.179465053660744,-0.171454570219781
35,-0.00829066723034685,-0.0265257342855631,-0.118202141411531,-0.19975361549862,-0.232793337653403,-0.231073005306252,-0.211792621525281,-0.186370091226416,-0.174724070328726,-0.166408334858115
36,-0.00873988169653667,-0.0279672294495416,-0.122352929810372,-0.203928253382579,-0.233020599399068,-0.227084577560738,-0.207736125011868,-0.187457212289043,-0.173577349586113,-0.167479703734009
37,-0.00930336662161496,-0.0294988718402467,-0.128120189532029,-0.209761832194693,-0.235497923858747,-0.220798922239896,-0.200175797896908,-0.176824640752044,-0.167723282706264,-0.166463142101828
38,-0.00977587979534527,-0.031112218487447,-0.134435620167338,-0.213792118801808,-0.234745759285874,-0.219156263536849,-0.194322798806082,-0.178643164942192,-0.168469953415875,-0.16506580020277
39,-0.0102333539284461,-0.0323976403823774,-0.139299577320048,-0.217970255363249,-0.234692622242451,-0.214339871673958,-0.189023999224156,-0.171639839880412,-0.164384247090069,-0.168976934339399
40,-0.0107247311007416,-0.0339048297706938,-0.144666509191669,-0.222108510522511,-0.234342664008857,-0.213624973486069,-0.18411945638253,-0.168794231871014,-0.166475931615788,-0.170626727813298
41,-0.0112817133858536,-0.0357950449300376,-0.149711405416074,-0.225230554995174,-0.230494859048952,-0.205271291305724,-0.177053468739746,-0.166147574035151,-0.169054644027915,-0.173817957502152
42,-0.0119367606371423,-0.0373023533513692,-0.155348469263276,-0.228362234172623,-0.229563859110483,-0.196028564204489,-0.175864668180153,-0.165741746686661,-0.168035502345954,-0.176279804549835
43,-0.0124821240174612,-0.0388437452990862,-0.158600802312794,-0.229661335619503,-0.227094374653386,-0.194615809077721,-0.172949614213049,-0.165821724842855,-0.169443903433063,-0.182997221638574
44,-0.0130659260433585,-0.0404607955491591,-0.164137168903474,-0.232963185957398,-0.220651393488776,-0.190429876567557,-0.169990243411514,-0.165601218527141,-0.176165944577344,-0.185303057398455
45,-0.0135744649147583,-0.0423772662417959,-0.171411397658782,-0.23359932197741,-0.220613247052278,-0.187227745776959,-0.170864220481047,-0.168562213333545,-0.176583063197204,-0.18912460451291
46,-0.0141675394976653,-0.0440632778922455,-0.172422565173065,-0.234277675965676,-0.215354115127642,-0.178220565868231,-0.166018285727695,-0.172304600726171,-0.181405181221599,-0.191887010394894
47,-0.0147343080886825,-0.0464974825415764,-0.177578557517613,-0.234803751314935,-0.213015758553805,-0.178198300372621,-0.166397878232781,-0.169430683007228,-0.182914020411447,-0.19550192812434
48,-0.0153449318227355,-0.0481271246036464,-0.184039876974698,-0.236541487258446,-0.205851693751347,-0.175091332570495,-0.167859335898157,-0.175885892583232,-0.18977471609244,-0.199230559786652
49,-0.0160122673481203,-0.0501457026312426,-0.186802216430909,-0.233504142545804,-0.202004837952432,-0.172651496314204,-0.166288458874015,-0.180184275449811,-0.190211301977081,-0.203017385572851
50,-0.0165700334645118,-0.051862729451328,-0.191634350712619,-0.23200316929122,-0.201221135477329,-0.170360258242055,-0.164978521818878,-0.182236226294519,-0.193766549305098,-0.200963910633576
51,-0.017176452522337,-0.0540334285176128,-0.196500875388635,-0.233300471423416,-0.194855358947102,-0.169424813284859,-0.171018636029043,-0.184901535421322,-0.198445602303777,-0.20258082998277
52,-0.0178809410962624,-0.0555345725925972,-0.199850286597837,-0.231951023982219,-0.189770736220808,-0.164818214875786,-0.171675503328341,-0.188452187765238,-0.202111441751421,-0.20622035615794
53,-0.018714854757771,-0.0577446946001328,-0.20480936656816,-0.230971959196621,-0.188101960637414,-0.168183567203049,-0.17228890606991,-0.190839428098255,-0.203764195217675,-0.200334337207659
54,-0.0192805820850558,-0.0596007562358226,-0.208994236388455,-0.22889909071954,-0.182700338629739,-0.165004053695355,-0.178537501225163,-0.190810571039114,-0.199655412133255,-0.203184786522456
55,-0.0200588247874375,-0.0616017094062156,-0.209332488998361,-0.228960803415899,-0.183075705557193,-0.168419026173493,-0.180093729129331,-0.198082814102039,-0.202618732740084,-0.195665432849454
56,-0.0206670247537738,-0.0637203576895374,-0.21280448928056,-0.224840949305408,-0.18032151817075,-0.168040439095123,-0.183649451486843,-0.196468414884807,-0.200738050127468,-0.198771507438648
57,-0.0214651691385793,-0.0657874971984211,-0.216078187021169,-0.219088159848671,-0.177772957766515,-0.169156968651782,-0.187405575442572,-0.198157177293509,-0.201154456014352,-0.193113275218408
58,-0.0221037349607047,-0.0681279572625596,-0.217796863303889,-0.216813782085594,-0.17354999076374,-0.169136446623147,-0.189651047987251,-0.202909751283073,-0.201880876869454,-0.189667622503431
59,-0.0228828013542645,-0.0702188663504986,-0.220785236844251,-0.214741865795189,-0.173603471884499,-0.171433765134775,-0.192872338062737,-0.200865518656666,-0.203340848332678,-0.188131997866174
60,-0.0236806334512242,-0.0723636319108535,-0.223780773409216,-0.210131777215944,-0.170137556975768,-0.172149736903646,-0.196393004357913,-0.203416498920635,-0.196910860638426,-0.184568612613396
61,-0.0245908962824539,-0.0738223221344881,-0.226526986067457,-0.208789617242831,-0.170653270652187,-0.176863340204809,-0.201376901446743,-0.203051894657578,-0.193008116707138,-0.184373909111984
62,-0.0251673447821819,-0.0762586492874434,-0.225531256687049,-0.20453843499531,-0.167580272139509,-0.179679816699914,-0.198204793939949,-0.204338042310556,-0.18909298263218,-0.17754107403108
63,-0.0260830774566991,-0.0788348164486577,-0.228579396548751,-0.20112582514631,-0.166736786936232,-0.184535561004178,-0.201201670953068,-0.199374827141404,-0.188719912901866,-0.181726636337417
64,-0.0267846440113356,-0.0808879497197253,-0.229918185903643,-0.199546069689645,-0.164747903203241,-0.17938977417545,-0.203864416476784,-0.196882994373342,-0.189017945288779,-0.175790073733067
65,-0.0272996028297909,-0.0825820236394504,-0.231474341358482,-0.195942482005877,-0.165607040186311,-0.188257697732723,-0.207224706223166,-0.198420680102724,-0.181525097499778,-0.177433134901337
66,-0.0282830370137909,-0.0854231376261476,-0.23421014396633,-0.191789140428241,-0.167691044995557,-0.1902522566117,-0.205597573375233,-0.192838312914946,-0.180783219759966,-0.172871982803659
67,-0.0290976377379695,-0.0874158882424755,-0.235046434044182,-0.190377110511046,-0.168881742493357,-0.18911295295374,-0.200309198681824,-0.194199199759307,-0.178571383928664,-0.177314586771703
68,-0.0297937753128953,-0.088747991533566,-0.233952725295711,-0.190102394719858,-0.17056286078708,-0.194293654664664,-0.200664577611197,-0.188728340437168,-0.178451519734637,-0.176199538516351
69,-0.0307661985737444,-0.0919845367187794,-0.235620271086993,-0.184592719768867,-0.171831942302285,-0.194122157458598,-0.19743681886246,-0.191690526575795,-0.178928101137693,-0.177204440962888
70,-0.031819845514664,-0.0937298738345587,-0.23493264711817,-0.181323370129187,-0.173689954900675,-0.197510080811696,-0.201402473062873,-0.187681202897148,-0.176287948874339,-0.182394913916333
71,-0.0323849771204248,-0.0964803987451635,-0.23324242287901,-0.18079648481551,-0.17177922660584,-0.198631334548262,-0.196585002246352,-0.183438858427817,-0.179118259809004,-0.183457481851269
72,-0.0333812570421472,-0.0994999819469809,-0.233266384738356,-0.177257537391081,-0.175517552708107,-0.199224680477186,-0.194697218731657,-0.179561984004956,-0.17657729623601,-0.184004644558092
73,-0.0340555893945899,-0.100371368340796,-0.235046412119362,-0.177031615208705,-0.177245389338765,-0.203610691031561,-0.196273942368881,-0.180223899947259,-0.178464899375832,-0.188256011322718
74,-0.0351233029408326,-0.103053265241565,-0.233633809220296,-0.174519370717251,-0.18040133343651,-0.20184352755236,-0.190660095061232,-0.17610585205269,-0.17668419202537,-0.188099167735317
75,-0.0358993869577274,-0.105304220442057,-0.233566619146781,-0.174041836166556,-0.182921059893302,-0.200300068545391,-0.190822118825782,-0.175528469633166,-0.178640035648478,-0.188468598645703
76,-0.0367338429022435,-0.108098948303603,-0.233459435377667,-0.17079586374892,-0.182955446574404,-0.202699198736508,-0.187653602673714,-0.180915572533999,-0.179510808131291,-0.194137865897925
77,-0.0379348025097283,-0.110353200176728,-0.230883446160662,-0.169112506320809,-0.188113250532917,-0.201157875171685,-0.182141181016545,-0.177797217099373,-0.184100159061522,-0.195850681053667
78,-0.0387304001372689,-0.11244026277239,-0.231146936535964,-0.169804600757949,-0.189216910466651,-0.200092423726529,-0.183453263546432,-0.176920674011293,-0.187220719616987,-0.197717958113076
79,-0.0397926833466831,-0.115439473283615,-0.228782537833445,-0.168296388583923,-0.190667172900045,-0.200198862363888,-0.182546945741071,-0.179312902188272,-0.190069654697298,-0.195798419598739
80,-0.040848445831971,-0.117861994887808,-0.227731672176376,-0.167915559307331,-0.19032611830395,-0.198823531145227,-0.182298875873456,-0.179210108517191,-0.186259982055248,-0.199766617062632
81,-0.0414760876563047,-0.120790097517021,-0.226514803866455,-0.167000298469606,-0.192946323430443,-0.199114770912284,-0.178777362988141,-0.180925193642557,-0.188448679747639,-0.197641989124968
82,-0.0429830875095103,-0.121824357368297,-0.222399540950774,-0.167823171231267,-0.198423426604689,-0.197424345926256,-0.17850615181877,-0.182723625583189,-0.192737989458985,-0.201005013759592
83,-0.0437208233956411,-0.12405037408762,-0.22112730864749,-0.166094672133827,-0.197354539343792,-0.197191740218625,-0.177429239066214,-0.183523224819498,-0.195523109214311,-0.195944222074996
84,-0.0450797065194443,-0.127132595356224,-0.221560036753718,-0.166619749823408,-0.198877980618275,-0.18970307776789,-0.176616946886654,-0.18550296254114,-0.195566184623079,-0.195918962716627
85,-0.0461586678877933,-0.128787341951688,-0.217312582883418,-0.166871672196999,-0.202008542319768,-0.191766211521596,-0.176450925067439,-0.182007984298635,-0.19655205454169,-0.194898678908999
86,-0.0465397883950708,-0.132237263069086,-0.217371386447954,-0.170364196233919,-0.202161041247246,-0.19394579517644,-0.175946930005532,-0.188855365633712,-0.198098778792288,-0.196719902215348
87,-0.047756450727526,-0.133875452945588,-0.21547533804027,-0.169324566748129,-0.200553642507379,-0.187791096401345,-0.175715949595346,-0.187015206090928,-0.199806756747209,-0.194344164865987
88,-0.0489743419144008,-0.136927299341403,-0.212638939319532,-0.170901925830208,-0.205052719326457,-0.183474416808004,-0.178485392924562,-0.191367774364117,-0.197967172325584,-0.19142171997517
89,-0.0497947797935187,-0.139634365373547,-0.210007527311657,-0.170603855470245,-0.203668725447198,-0.182883766040688,-0.179412006982829,-0.192349261897489,-0.196666479402106,-0.187087650428164
90,-0.0500161589183884,-0.141341188729529,-0.20763226877525,-0.172148951928146,-0.200905435036753,-0.180086026498491,-0.17724837431144,-0.196375630616585,-0.192444212226878,-0.179566768702134
91,-0.0519628653238855,-0.143552421500362,-0.205264980826625,-0.175548739147861,-0.200160483330042,-0.179657251915681,-0.182740012879232,-0.1976379091795,-0.194462920234502,-0.182421671243621
92,-0.0531398367686365,-0.146122443145671,-0.206155054384968,-0.177488598832599,-0.202208597930356,-0.179604326474156,-0.18227430609033,-0.194938750391656,-0.196732409092354,-0.17737243612446
93,-0.0531467778348406,-0.147039514212862,-0.20181381226247,-0.175919035013535,-0.204439378097877,-0.177525728454678,-0.18884157738448,-0.195336616437895,-0.189824315071741,-0.180952004291009
94,-0.054809098676476,-0.149020233896422,-0.198217044765905,-0.174586615605568,-0.201109998037423,-0.176916189201869,-0.185505216740904,-0.1964693819763,-0.192481544184637,-0.181048359771056
95,-0.0561636928745119,-0.152434362447217,-0.193678411561371,-0.182566989306902,-0.200567107937182,-0.174590124709768,-0.188210767235706,-0.19694656216238,-0.181346029572876,-0.18337985863515
96,-0.0569584018933422,-0.153219346760542,-0.194685378707625,-0.181572510857296,-0.199169647392468,-0.176720324744344,-0.190636258192232,-0.196837880430167,-0.185912536473386,-0.182657543770048
97,-0.0583135368815879,-0.156146673062865,-0.195181597286576,-0.184207882533564,-0.195190344795954,-0.175744267518301,-0.189787257987852,-0.195999391465129,-0.190741552916655,-0.185075905412184
98,-0.0596281778700752,-0.159691852255761,-0.192509091971834,-0.186459362376259,-0.197517685691626,-0.178203463227849,-0.191156638363376,-0.195645549863698,-0.184443057785498,-0.18055952047946
99,-0.0607954680208997,-0.160576561113807,-0.191088171287188,-0.189507915082365,-0.193572375361032,-0.177910855007097,-0.196558092743437,-0.198704066046289,-0.181636985787646,-0.182236845798053
100,-0.0620798516181351,-0.162567270951168,-0.189064209507931,-0.189022399345889,-0.194067354744113,-0.177087818636503,-0.19622093174145,-0.199347837593502,-0.183705042167694,-0.183625870212271
101,-0.062711472832593,-0.164705170783699,-0.184917531214693,-0.190748820654592,-0.191376480380247,-0.178796198215828,-0.19519551379965,-0.194557633244251,-0.183616836259957,-0.186025576600092
102,-0.0636096469751477,-0.16849049211388,-0.184276415313082,-0.189964457744913,-0.187865097561335,-0.181229940342373,-0.197040671670199,-0.187730153969049,-0.181309966354531,-0.186713051638778
103,-0.0650624592070654,-0.16840372940103,-0.181591142769699,-0.192628369908316,-0.186714498273368,-0.181441083190302,-0.192010858231794,-0.189383353618334,-0.184998590530162,-0.18487837739019
104,-0.0663967069284546,-0.171362411023918,-0.180748901138236,-0.199423300904278,-0.185585949051175,-0.183504256933216,-0.19249811100438,-0.185202331327687,-0.18131080111276,-0.191727551721354
105,-0.067236682154678,-0.173722426189757,-0.178206124974014,-0.196036522147431,-0.182612843112273,-0.181832883213431,-0.194979993762112,-0.187034505284122,-0.17999973241641,-0.193741099495369
106,-0.0684589011932764,-0.174574484096238,-0.174877899004742,-0.199929221235039,-0.187910369193638,-0.188498235958523,-0.197945700028707,-0.185137328120439,-0.184040026753406,-0.194753049702992
107,-0.0691910024709574,-0.177831420874416,-0.178559939420657,-0.19999788765977,-0.179483685319923,-0.18524157252843,-0.198045720247009,-0.179505435106199,-0.180705390557387,-0.194928873052219
108,-0.0710079902498728,-0.180083509397021,-0.172669628293924,-0.200162993326014,-0.182782942065097,-0.186698861457431,-0.194435623074023,-0.182835845478139,-0.185759499360768,-0.194623445911615
109,-0.0718771139945135,-0.180286963691107,-0.173196392444055,-0.199994895817785,-0.179579110688628,-0.189673036686763,-0.195165260153471,-0.182268368588934,-0.19078803817929,-0.194097109317848
110,-0.0729288396629935,-0.1827014957906,-0.170340067678769,-0.20140493415684,-0.177846030271391,-0.19135778684809,-0.195536137182815,-0.182499082588004,-0.189779465222313,-0.196922425742491
111,-0.0738853534789319,-0.18493894372178,-0.171726006690733,-0.202006562902012,-0.180327846088982,-0.193502204330403,-0.193779846318399,-0.181364538654473,-0.194785332522777,-0.197199407901408
112,-0.0757644052754884,-0.187952721001428,-0.168569424494625,-0.202417514649413,-0.172449950366779,-0.193196989119348,-0.189159502877931,-0.17740570536604,-0.188786693342319,-0.198292096432533
113,-0.0760933334708362,-0.189249944426557,-0.167474227844319,-0.202748467632596,-0.175079076717238,-0.194228139890795,-0.191125965979649,-0.180004547133713,-0.191546034615343,-0.194192007875483
114,-0.0775465535078444,-0.190938874584154,-0.16885410724782,-0.202027881861559,-0.175965134539056,-0.192751400147601,-0.188517627864616,-0.184404650600696,-0.193662893325092,-0.193270153844416
115,-0.0794462302377795,-0.192693905017644,-0.166860655251107,-0.201387392880347,-0.177450892555896,-0.194402574945418,-0.186488709821742,-0.180516043649619,-0.197394385844584,-0.194734433510186
116,-0.0803203861319773,-0.196119681751922,-0.1658687178581,-0.202984906460781,-0.178319692277069,-0.196130489343587,-0.184310059467495,-0.184953863243453,-0.194979570325628,-0.194592799058194
117,-0.0814337370005744,-0.196933850570182,-0.166988193344731,-0.202985980620197,-0.178661679948176,-0.199029993128145,-0.180252110958651,-0.187505213762882,-0.197781932427562,-0.191739645020078
118,-0.0833055044523329,-0.196613195396898,-0.166547430812633,-0.204082497635443,-0.178294054098309,-0.195522651930362,-0.182641022331721,-0.192130476159305,-0.193255277852022,-0.189225109533502
119,-0.0842207586900645,-0.197634523018628,-0.165898430272318,-0.200624809403865,-0.177029405243189,-0.199605544272498,-0.181203254610011,-0.187014045493283,-0.192753404427815,-0.188603304410656
120,-0.0858749521025376,-0.200887698592162,-0.169811699209577,-0.19996163426167,-0.17777350036512,-0.201685997585882,-0.178664376463717,-0.188977165599402,-0.197798822192533,-0.182462006262423
121,-0.0859372096655981,-0.202522556032867,-0.16673041969284,-0.199877052079903,-0.179414323670918,-0.195357508052868,-0.177759571031526,-0.191196610126475,-0.193416087016777,-0.185624604070027
122,-0.0875946258012491,-0.203462424357693,-0.168833083006226,-0.200606014679554,-0.182135325897621,-0.195527202232194,-0.182702778574686,-0.188181035931658,-0.192640537201106,-0.184516100396568
123,-0.0881805231003207,-0.206562650619028,-0.166911455771454,-0.19892848890342,-0.183158706770847,-0.194136320736053,-0.181315697152339,-0.194613806760048,-0.194337262117234,-0.184076700651649
124,-0.090402753405095,-0.210703723475446,-0.16604294035365,-0.197096235601745,-0.185359586776341,-0.193372663974508,-0.177820144748431,-0.196945102924702,-0.1909649475572,-0.183413001333468
125,-0.0913177041808244,-0.209034169947867,-0.165427823028934,-0.197763429925945,-0.182060104996446,-0.196776963083924,-0.17897472176931,-0.192429117757684,-0.191568037243927,-0.187321328914429
126,-0.0927325369630576,-0.209992928376415,-0.167227863343063,-0.195830708642307,-0.187793139371686,-0.191713709037553,-0.181622697721171,-0.194654187080892,-0.186820634077973,-0.184629671527117
127,-0.0941524768815833,-0.210303248206386,-0.165232080202095,-0.193429991638725,-0.187753649095052,-0.192162920589059,-0.187242924658149,-0.196888080990083,-0.19035979237308,-0.184491722294552
128,-0.0953063460036012,-0.212869667050153,-0.168536581678197,-0.191985518312664,-0.189566613278766,-0.187954128135172,-0.188405082580552,-0.197179514523952,-0.184455672743734,-0.183627461632726
129,-0.0971410717467245,-0.215801238279531,-0.169634535334434,-0.191685335678053,-0.189278055576153,-0.18687986422577,-0.184391277395376,-0.197369470599563,-0.183604311915586,-0.187919521459678
130,-0.0977713611343395,-0.2179741277437,-0.167029553075796,-0.189270618896025,-0.184828885231333,-0.187301606056501,-0.186891693029513,-0.194592537783729,-0.18197110175143,-0.184605346647781
131,-0.0983467209157784,-0.216844051565794,-0.170587046192696,-0.188212412544154,-0.193992209701875,-0.185238354063476,-0.185714153255237,-0.194626994962827,-0.186798267628673,-0.189817231152406
132,-0.100864347588061,-0.216683501906617,-0.171793487960581,-0.184023737850554,-0.190294433006676,-0.185847327746909,-0.192049374592542,-0.193691019534514,-0.188525040514773,-0.193151015167132
133,-0.10181297931806,-0.217191131943107,-0.172899860194712,-0.184441583002415,-0.194235744276013,-0.182496374016617,-0.189857994199832,-0.192429883009884,-0.184400622079358,-0.192971277093095
134,-0.103255720925075,-0.217900309205531,-0.175252657209865,-0.188362040823505,-0.191396557281529,-0.184780911559987,-0.191701992701092,-0.194374279623672,-0.186506047351996,-0.19216229946394
135,-0.104610686999233,-0.221013038159369,-0.176452260719537,-0.18391927637147,-0.195062725188065,-0.181944202592353,-0.190546992226346,-0.194146473367863,-0.183641929282969,-0.196650837405773
136,-0.104811276864185,-0.221828113789803,-0.173814434245974,-0.181322176349402,-0.197397236232372,-0.182305561101388,-0.19377108710134,-0.189290519581665,-0.184385287140078,-0.194840630909667
137,-0.107174630729922,-0.225655715842608,-0.176319735586028,-0.182209755498481,-0.199398311638944,-0.182911309536359,-0.193984824769212,-0.189052520538782,-0.18660658852502,-0.194288667244535
138,-0.108597495877191,-0.22336356402043,-0.17671415830972,-0.179872544592518,-0.198980651551525,-0.183839934300497,-0.196130009353349,-0.1836008436157,-0.18546535577795,-0.195669772242771
139,-0.109917473508362,-0.223265784316211,-0.178615990906209,-0.176883450265276,-0.197623979965829,-0.181839601740817,-0.195109014798756,-0.186351100430029,-0.185360969020113,-0.197249294158671
140,-0.110616628728472,-0.226089877649821,-0.179228917624271,-0.17761280918104,-0.195661576029331,-0.176320799808873,-0.194593508607206,-0.183582880529971,-0.186884621858066,-0.199760059620929
141,-0.113092416422531,-0.226176976536363,-0.181327252465121,-0.17546208305484,-0.197289849321805,-0.183417259789524,-0.197271798128086,-0.185443506906293,-0.190721300856388,-0.196672206414683
142,-0.113229034176243,-0.230615400994069,-0.182031014358173,-0.17697695528367,-0.196817251834091,-0.184229096655023,-0.200701262890794,-0.187115745404457,-0.193263143552929,-0.194791645889014
143,-0.114480448459217,-0.229307998814079,-0.184393387222092,-0.17640380757596,-0.196393283098809,-0.183485759324413,-0.193799693056025,-0.18588835599401,-0.189748393807399,-0.19879714658616
144,-0.115261426236226,-0.228992931450214,-0.184139155823238,-0.177398579637666,-0.196363103232978,-0.184240232136728,-0.19628575392452,-0.184502133475913,-0.194402788147143,-0.194630277474649
145,-0.116544858363061,-0.23118244815134,-0.187030591151369,-0.17835004480888,-0.200516762716355,-0.179448625066729,-0.194668946162763,-0.186889652354165,-0.193156128989248,-0.192783475179766
146,-0.118532480406866,-0.230730501400619,-0.188042053299399,-0.17906289789515,-0.192023383660198,-0.18590768016112,-0.189877971991986,-0.186037844530252,-0.198220591489469,-0.194568624067727
147,-0.119824945201311,-0.232574888588232,-0.189457607521793,-0.175542899906829,-0.194643834522614,-0.187562176948123,-0.195593868241097,-0.183875435076161,-0.195144898106167,-0.191391766058773
148,-0.120063097044864,-0.231735280385304,-0.188524000264031,-0.174210650336246,-0.193277422434291,-0.18858793921041,-0.190646929455318,-0.185443050535241,-0.197622265470564,-0.188493974512083
149,-0.122105785703218,-0.233491971445579,-0.190795064334793,-0.175546357387236,-0.191893580837767,-0.188635477612502,-0.19305718066255,-0.188054696629326,-0.193167433231433,-0.190680204494171
150,-0.12335199860596,-0.231825505015208,-0.189258638907991,-0.179176100181646,-0.193691523944953,-0.189460290519185,-0.191459386739804,-0.188401106389146,-0.197366224800713,-0.187236083191067
151,-0.124248986956061,-0.231688027076765,-0.193188835800051,-0.178374858437968,-0.190959091635782,-0.188005861502222,-0.190492917014288,-0.190885045534946,-0.196060016901443,-0.184717367286099
152,-0.126298896978057,-0.232785914085066,-0.191958692828335,-0.174919646913092,-0.188589433128582,-0.190423350149398,-0.191171451517059,-0.190244798778167,-0.194339519518355,-0.18450350870644
153,-0.12734130492968,-0.232690525131235,-0.195311839959738,-0.17862424019673,-0.189379279510297,-0.189956357837112,-0.190392321960581,-0.19202535631647,-0.195260448484659,-0.18349170514477
154,-0.129379880699306,-0.232165675822127,-0.196470130096215,-0.177579783084653,-0.190559903943038,-0.194430811314071,-0.187989796265197,-0.189304768480533,-0.192264513816448,-0.187050837261281
155,-0.129412432914242,-0.233304436848564,-0.197451732446048,-0.177922869941153,-0.190376851784811,-0.191147767675292,-0.187856428578783,-0.192353105440373,-0.196036609798516,-0.187530625446855
156,-0.129554420812545,-0.234859106098955,-0.199504826919954,-0.181480341105694,-0.189856011189453,-0.194891020141183,-0.187989155123087,-0.191616848908531,-0.193307961603,-0.188817553067118
157,-0.132019711485319,-0.233968521188963,-0.198489983974777,-0.181351163695678,-0.184952391611545,-0.191100142426529,-0.184905179666846,-0.194206552470263,-0.189933066893642,-0.188076061169527
158,-0.13258977614397,-0.236046281468822,-0.197616823340511,-0.182489496148927,-0.189206239347111,-0.196715983497191,-0.185273242578874,-0.195075912968359,-0.192333753154114,-0.193233646030181
159,-0.133499977548108,-0.235410570758842,-0.200738669058707,-0.182888579656225,-0.184412834161257,-0.197209475923345,-0.181578624563385,-0.192943642856272,-0.189656793425217,-0.190740934253862
160,-0.136389315948535,-0.236840696329709,-0.201881693439449,-0.186090128784157,-0.182302071917721,-0.195273937194353,-0.185409819751352,-0.195386051365177,-0.187633123209417,-0.188305131331604
161,-0.137146414672527,-0.232800311374087,-0.202674749026363,-0.186792397485523,-0.184163343130456,-0.199531798766553,-0.181677732599022,-0.197690677756222,-0.186099223167141,-0.188651213411178
162,-0.139983056248277,-0.236796760803949,-0.200960824256774,-0.183357313762391,-0.182622965396448,-0.194602862751848,-0.18440191454289,-0.198651077009244,-0.189763595780319,-0.191868138432418
163,-0.140486572613511,-0.236325179334642,-0.20250292307704,-0.187705651872216,-0.176658011863985,-0.196059656296753,-0.185607488304067,-0.1946486270622,-0.187362495922239,-0.197639006231163
164,-0.141700781834033,-0.237273770567733,-0.200957030121754,-0.185302892460371,-0.182725022007544,-0.192671435554975,-0.183468849561132,-0.197642058846335,-0.186664364057387,-0.191155634871075
165,-0.143133753207939,-0.236152285118803,-0.202216240580732,-0.191570884718703,-0.18108407980112,-0.192770148739948,-0.186955308721463,-0.197228518138174,-0.183792852632792,-0.192545857438409
166,-0.144017131556798,-0.23629237074859,-0.202226663992237,-0.189517288953481,-0.181729372906353,-0.193924362050152,-0.181949034292173,-0.196646194479475,-0.185946897112828,-0.195604554310994
167,-0.145399190304642,-0.23386954626414,-0.202919083981195,-0.187560791562477,-0.177778880019629,-0.191631016587615,-0.190877794758114,-0.197956754329847,-0.185654936187613,-0.19567322559118
168,-0.147541592440525,-0.235315413594072,-0.204911200251207,-0.192031922600072,-0.184816521695343,-0.191185952124905,-0.187699031203689,-0.191649539131132,-0.185586794780929,-0.196947300802993
169,-0.147837050737629,-0.234909650470903,-0.205282966745626,-0.191315414914294,-0.183256721439389,-0.191025384850534,-0.188670531505575,-0.188926572830541,-0.185935082018195,-0.194940106403008
170,-0.148288728280732,-0.234210355569569,-0.208287899724129,-0.19425006814219,-0.1840717573901,-0.191355122462985,-0.1909245898157,-0.185838048032168,-0.186185498325808,-0.195705897561313
171,-0.150127742847948,-0.234313177262186,-0.204648017219266,-0.19609918895219,-0.179760814980813,-0.189169703049049,-0.190875781677911,-0.190670259256475,-0.193421259236619,-0.191980495601195
172,-0.151276259583109,-0.233836606997622,-0.202935625907343,-0.195752693605012,-0.185068172049875,-0.189147661007713,-0.194881356673354,-0.182779558576095,-0.18799208049175,-0.197840714965515
173,-0.152274098590174,-0.234245198145091,-0.200866185846971,-0.194442357824838,-0.187019347988237,-0.19081331967833,-0.195218342534987,-0.189113249149158,-0.193462475512838,-0.195043308690427
174,-0.153071155169826,-0.232369224846983,-0.204457145986223,-0.195875899824251,-0.186118794747381,-0.187346959349944,-0.196256185434512,-0.188514482911246,-0.194443380731789,-0.193976641944204
175,-0.155205837748931,-0.231994889182854,-0.203167844843503,-0.200654738787149,-0.186594367931289,-0.188541099567538,-0.196640860286179,-0.188068744813432,-0.195309692271418,-0.190481867840983
176,-0.155224459709418,-0.231672152947327,-0.201980372370097,-0.199460952321537,-0.184900249513137,-0.186839378329267,-0.19456955104077,-0.185672320161878,-0.195716781202366,-0.189586457977839
177,-0.157689446404035,-0.230845489706994,-0.200359575892487,-0.197789897120309,-0.188438748734147,-0.184284669983405,-0.199946612276286,-0.185414281080244,-0.19327585842879,-0.189910434497382
178,-0.158486599297967,-0.231516347860076,-0.198131979160614,-0.199985905307965,-0.190730811824561,-0.180664987001414,-0.196706899171585,-0.186477179692085,-0.195882722502509,-0.189341133564761
179,-0.158832077437004,-0.232724144637265,-0.198996106241169,-0.197531944422897,-0.19040926644256,-0.18484635638462,-0.194819538448353,-0.185786987177039,-0.197284530223913,-0.188113323252033
180,-0.161948126445066,-0.229555120283378,-0.19811480179492,-0.195512504709971,-0.18508923125292,-0.18401625877131,-0.19844106279685,-0.187619715218185,-0.195235758411894,-0.19309812921128
181,-0.160887639263946,-0.230659337400673,-0.198233292392736,-0.199013527941396,-0.194939471999066,-0.185359159413821,-0.195924373091228,-0.187209564868026,-0.196963036157824,-0.188838208645431
182,-0.162901186150103,-0.226055629731792,-0.197368715612,-0.195668671715265,-0.19228895395387,-0.183914954373392,-0.195683274308576,-0.188089973946773,-0.19486174842008,-0.189167319680947
183,-0.165536857388615,-0.228782848143253,-0.198917325196443,-0.195188600273814,-0.196492020170975,-0.185263956968509,-0.193747681880236,-0.188314363042382,-0.196666536534604,-0.191187483949824
184,-0.166680749471687,-0.225947751028927,-0.194278006391491,-0.195268665260107,-0.194734985400259,-0.186751736189116,-0.19311595297698,-0.191174622376552,-0.195036620230105,-0.188813753364056
185,-0.165703362912955,-0.227453638322899,-0.196574800049443,-0.193735223972072,-0.196409169350847,-0.184598039857361,-0.193117102308762,-0.189341017129304,-0.195113593681142,-0.190676195558534
186,-0.168038597392797,-0.225194411845371,-0.197868842890709,-0.19193766336999,-0.192163692257805,-0.183680219414155,-0.191950365549518,-0.189177909980644,-0.192301211087579,-0.186867839464538
187,-0.168375954667186,-0.223147428521525,-0.193506945504843,-0.194840987190358,-0.196901217152269,-0.184230625442981,-0.19148476712266,-0.193730718499208,-0.193285226247966,-0.191042288511339
188,-0.171010580101103,-0.225275312421345,-0.196180791485252,-0.194154715814782,-0.194019824615363,-0.188818196929577,-0.194728717033299,-0.191757650323921,-0.194615243458311,-0.189451692375488
189,-0.172397921636389,-0.221987650683259,-0.19099358709824,-0.192142918095921,-0.196503991216637,-0.189669797700889,-0.188433949465659,-0.194873491602206,-0.189787285021917,-0.18680233813605
190,-0.172137162454921,-0.222647068969514,-0.193327552145858,-0.19447486377357,-0.19416979310374,-0.187410843485704,-0.189153202392243,-0.194581678361038,-0.189034528855181,-0.192694885783629
191,-0.172815529315539,-0.220962622558574,-0.193158784829762,-0.192005932046315,-0.195892994490395,-0.18892480098355,-0.187180260652756,-0.192710743053869,-0.191620427914461,-0.192429887031897
192,-0.1740060521591,-0.22247814720627,-0.194612575158639,-0.193340137620758,-0.197183902056641,-0.190866640207987,-0.190730478796649,-0.195731041648913,-0.185080614928793,-0.199118068348706
193,-0.175996593248859,-0.222850765984911,-0.188159336185602,-0.191656926867803,-0.1949450639114,-0.189485602452351,-0.189687417663014,-0.198706827070775,-0.187665845524997,-0.201677464807396
194,-0.177931588919414,-0.217444835583107,-0.188527830396959,-0.188038970304617,-0.196746478703994,-0.192710349094045,-0.186029699496514,-0.195388031447228,-0.18874975213472,-0.197514256212586
195,-0.176607504313878,-0.217208304006832,-0.182687525152764,-0.192206120279057,-0.193749363995312,-0.192637120356956,-0.184642020713552,-0.197465254341936,-0.186286361201687,-0.194439996627531
196,-0.179055106559171,-0.216785905966408,-0.187844774472871,-0.190739121839192,-0.194888224365686,-0.191447725269774,-0.185876423085449,-0.198563495673179,-0.187853195229212,-0.196384828608299
197,-0.179844869507168,-0.217060423436573,-0.183678122475694,-0.189478047090722,-0.194421873358629,-0.194230093351021,-0.185209714853154,-0.194982935789344,-0.186497608952052,-0.19947329122716
198,-0.180740502311508,-0.217856697975373,-0.182218117330163,-0.190697311073507,-0.191570551828284,-0.19403591798834,-0.185294294311651,-0.194853025325546,-0.187572619130174,-0.195864411640989
199,-0.182564819321745,-0.214798975943207,-0.180114477239566,-0.185838928778651,-0.196549283404791,-0.195824219740085,-0.186019172458533,-0.195561956881348,-0.191614242853643,-0.193468399063316
200,-0.182286205239698,-0.214537103703377,-0.181856487268633,-0.185687238014155,-0.195342471464429,-0.196920962554479,-0.189509230694256,-0.194919013293708,-0.190402427216395,-0.195922334969311
