Lkm,G10,G15,G20,G25,G30,G35,G40,G45,G50,G55,G60,G65,G70,G75,G80,G85,G90,G95,G100
1,-3.50766291782456e-05,2.50905328376216e-05,6.4017408157242e-05,0.00033200465024158,0.000878986139263085,0.00150889388787038,0.00297514472243195,0.0046503220651092,0.00729520142688773,0.010546677960327,0.0152540665241214,0.0199010945875885,0.0274900888213359,0.0351652139135693,0.0462157156991188,0.0567080663978939,0.0677271231772731,0.0830312080408536,0.0964333890164234
2,3.48395215282471e-05,0.000177147638713899,0.000613927423640928,0.00176141199577718,0.00351688328705512,0.00659513330296507,0.0123420646933611,0.0181992374196742,0.0286605143020549,0.0385571044322866,0.0560063570640854,0.0723315515681108,0.0924178467375988,0.118656831108555,0.136695532652891,0.160724932503886,0.190310311477564,0.213246505948067,0.235725973754842
3,1.81166139585409e-05,0.000295377075064942,0.00132876970373198,0.00428720142340019,0.00841458496699962,0.015282123962128,0.0258503606079472,0.0408664414253307,0.0606408905059695,0.0803790405184133,0.109696209815181,0.135079083738042,0.166799437386252,0.196976678181265,0.226337763936272,0.254820141080535,0.279237786159678,0.302800723617322,0.319488353675497
4,1.86576591034093e-05,0.000740524257121216,0.0030397939563167,0.00674350786767658,0.0150195675162638,0.0272637369437256,0.0462799596123415,0.0685810693387769,0.0951221525922582,0.126126991520929,0.16471596816183,0.20040051148107,0.237235547415406,0.267208236649534,0.290699882820847,0.30982457271568,0.32674019699772,0.33960408800222,0.344553964615334
5,0.000123733566799329,0.0013382805124309,0.00426653048034427,0.0116373915924443,0.0236464570603529,0.0424251775854134,0.0676324146842937,0.0974973994667943,0.13615163153271,0.175328648284179,0.211746194487514,0.24733806525068,0.283119517132412,0.305100336143483,0.322159260232899,0.337105675889847,0.345143922274627,0.35144349757646,0.362182793993336
6,0.000199007612853244,0.00197354711614228,0.00703371804142809,0.0153486731731577,0.0332004043960631,0.0571752805179934,0.0910047514712857,0.128391524077155,0.171871859840698,0.214616603100195,0.25624591707724,0.291151225356582,0.310743894711132,0.336011604310694,0.341832379635497,0.350341112944279,0.355952851555476,0.36758573142582,0.378276763691552
7,0.000505551227839254,0.00277801172969886,0.00880206267835064,0.0210434203205231,0.0443816576976871,0.0743513285148209,0.112558491873669,0.159239288502493,0.206174296730509,0.248615620767546,0.283821145927163,0.313136501886173,0.33131159748433,0.34579403576723,0.358540908059232,0.359670547632796,0.373454851217076,0.378811359320996,0.390732028907354
8,0.000687401182484388,0.00357152925287357,0.0117795542726765,0.0301019911941488,0.055357034043551,0.0921302901947556,0.137937651395804,0.1885107006956,0.234704345836066,0.277705983769374,0.309569418969633,0.32843069293363,0.343945763015979,0.349679002788185,0.364839298268684,0.369858613702194,0.383439291331855,0.3888522536063,0.391229670848758
9,0.00102216787518097,0.00474070619158461,0.0156590187494033,0.0378906491573763,0.0686592508162636,0.112208941800912,0.159988399558611,0.217033329621098,0.267873307207347,0.301546995214105,0.324940617669024,0.342332865752744,0.346942653206231,0.357135877753945,0.379601162097733,0.380357086521818,0.385921789175955,0.398626993094059,0.391568558283272
10,0.00100315936241761,0.00568748291381125,0.0189663527738428,0.0441951184422778,0.0828168944354172,0.131778838995678,0.186040996513659,0.240946158956807,0.288120047077707,0.32022631887663,0.336771745947127,0.34177555874669,0.36749353972539,0.372096116299841,0.372088990913936,0.384802976710958,0.392516408249923,0.398907960471903,0.402000747044047
11,0.00132417563836996,0.00700997858790829,0.0225560786649583,0.0521314900619799,0.094114174576224,0.145368731108377,0.203851709118528,0.26656012656351,0.304087986518254,0.33203499734111,0.346594073026871,0.352074085203768,0.370209763797312,0.377114532423324,0.387544868828004,0.387723868181462,0.393935577950746,0.398148808402277,0.405539585601056
12,0.0015431524296121,0.00864956167256427,0.0268332743744418,0.0587859670255186,0.110215380943336,0.166514431472663,0.227784313840914,0.281325023215875,0.316000346036937,0.332439033157377,0.352523573078134,0.361776369889329,0.378503310600966,0.382683739606938,0.39208606498099,0.39145491611137,0.40536693571937,0.405264114156092,0.400084917740214
13,0.00176031865414608,0.00989374326107256,0.0306595686705494,0.0653235915239348,0.121867429547697,0.188341549668659,0.248355894042955,0.296230198689784,0.328004562071998,0.343343249762686,0.355990931663389,0.371309648122104,0.378948927720102,0.389309494394116,0.392609217824341,0.396755223218639,0.40068005662887,0.407482176165918,0.412389406384726
14,0.00231569508285169,0.0111649098643692,0.0365089223272233,0.0756622598388438,0.134791278535752,0.200017562646144,0.263212446452021,0.304477054670981,0.335218752136717,0.348027536449539,0.358512635507066,0.373480704306462,0.38383245380204,0.392696172957871,0.403359756008638,0.397958331905042,0.403643454018166,0.409770926100371,0.407850359823292
15,0.00251372604074831,0.0136299176903651,0.0398855187951926,0.0857955832939206,0.149488299326735,0.218781982885604,0.274863152695967,0.316270493636444,0.3415027873011,0.353459246933163,0.363952266595526,0.376812739034544,0.385204176003581,0.39053178009351,0.39733401735632,0.402131036702767,0.413543379348751,0.404529885705317,0.407148885515723
16,0.00247608927718562,0.0146863629375077,0.044995509478581,0.100104382992972,0.165921556712737,0.232717015809078,0.292678797449018,0.328865433018321,0.343444080350676,0.363281441425458,0.375209378190577,0.384821799593812,0.388966880617002,0.389913587399717,0.398777307811064,0.40561972009801,0.408291073222209,0.409844422833197,0.413117751409936
17,0.00377790538389927,0.017694677373124,0.0496593195289937,0.105141880227501,0.177177783069919,0.245656909645818,0.301482749513013,0.334216935758145,0.35283624193238,0.366746611932886,0.37681310087715,0.384713424435805,0.389813397102215,0.395730604896032,0.409587087900548,0.413536441540921,0.407353829154544,0.408707326339461,0.414023260072276
18,0.00422191552528395,0.0185495842397803,0.0582584460837561,0.115231742343647,0.189342000737463,0.258954103862102,0.312971749767728,0.339786414825174,0.355112424866755,0.373397021142672,0.37688781650992,0.38120332438306,0.39679526086654,0.401056092086628,0.402256607237337,0.408428078999428,0.411470863664805,0.414745749059628,0.415989538972296
19,0.00403515146247392,0.0209971683225324,0.0612640583465412,0.122598088982848,0.199087099683538,0.272723668278495,0.318807937021763,0.335139201207716,0.360482250929248,0.374588968367244,0.382656753649245,0.388739876705887,0.398967761075336,0.403922798082992,0.407380493681365,0.408063161673618,0.413220679736776,0.42079987331904,0.411958118887766
20,0.00453694348002803,0.0221031005668892,0.0672104337944452,0.134024982375417,0.213629018299409,0.276292803594196,0.331014364666069,0.342178345300519,0.367466973234444,0.376168192405484,0.387566377622445,0.39653819784796,0.397072937186483,0.404336474663274,0.411860487602743,0.40587023634447,0.408151097655223,0.411962329411049,0.416110249639975
21,0.00472097142793401,0.0267509395010733,0.0728314015153243,0.144605457326649,0.223906988198021,0.293587403171881,0.333710859667934,0.347216552800035,0.365837154368927,0.378009252402324,0.389748942908035,0.389378635931867,0.398668104275781,0.397737987906037,0.409985655026468,0.416033196739614,0.417436531092992,0.419794578270753,0.418995688625025
22,0.00544225249619652,0.027312545574046,0.0771679408386376,0.154413531476572,0.238168258060327,0.301286308348532,0.330292079936694,0.350632916628904,0.365307660723678,0.38555455088418,0.39150073914576,0.397101035345556,0.398330896805442,0.406403201960243,0.407878393460412,0.411577816503671,0.417547997153324,0.417292049746017,0.424626144017384
23,0.00568839360341377,0.0300798159792879,0.0841077251268315,0.161970076850659,0.246464134207382,0.303180731389762,0.340518194522879,0.356433798869152,0.369619868630284,0.387852904742802,0.394378066019532,0.398780079729699,0.403949432921252,0.407547091747,0.416001701024858,0.41103136563647,0.420953483882453,0.417857973286015,0.418618378595256
24,0.00665125417752025,0.033260974623664,0.0886849194845845,0.172211684410694,0.257707427793151,0.314954966305656,0.342224036787118,0.35648455028558,0.37120596497346,0.38776565384453,0.395606740316219,0.404422772605549,0.406015576258704,0.411595017028176,0.414458049809323,0.414422753295846,0.414245418248476,0.422241332543989,0.431652488071558
25,0.00694249708643816,0.0371810930380372,0.097502959990385,0.179175275853287,0.26489452210918,0.320755100624991,0.345892008233131,0.363044745002912,0.379240922780845,0.39044313260259,0.394492588948136,0.40209618789834,0.411182961423467,0.412983115557382,0.413793415690203,0.408757520154554,0.412224681280618,0.42015003579482,0.425111421563353
26,0.0077730911076543,0.0400616167718908,0.102384954182759,0.19166464906154,0.273751274764188,0.328386180410187,0.347289375264046,0.364273077444596,0.386786516367313,0.383266490001625,0.39792958296567,0.404960153719582,0.410108262212463,0.415404365906252,0.408276064526392,0.417740743835211,0.425177092703252,0.425721251188953,0.419524685338353
27,0.00889152306038146,0.0418239367505668,0.109025005184391,0.200900280467967,0.275512490921751,0.329162305962076,0.348547467567917,0.366969501081544,0.381904829727822,0.392225595028973,0.397319963930044,0.401839777960337,0.408539244037102,0.41243272654731,0.420126072829059,0.425005290062234,0.424113211894758,0.421487359398298,0.418194008740429
28,0.00911545606835089,0.04567424574494,0.112471271607908,0.205900701255305,0.288076846410037,0.334183886977375,0.355307311835194,0.370474564851508,0.383007776842879,0.392621617656966,0.400593518885678,0.409121219705981,0.412072048714363,0.412760965084142,0.42029686960557,0.416021858677518,0.422289635428145,0.414767245054279,0.429896709584234
29,0.00955131033148704,0.0472449582425402,0.121041502293104,0.212809343472322,0.29355067279717,0.335667301025512,0.360498743088428,0.375596246988502,0.37805608104038,0.394986136100061,0.406410092833757,0.403935762909668,0.414887179939909,0.411072130101725,0.416406506835352,0.423191840265847,0.426740681963437,0.416701467869862,0.420064480955286
30,0.010429417156745,0.049878372915567,0.129360221534346,0.225767990674575,0.297870275527517,0.340896763069791,0.358176187952618,0.378586751878533,0.389560861444536,0.395431213221114,0.397815398686734,0.410733487675607,0.417112925468663,0.420406055184331,0.41785540314854,0.41837208052551,0.427538453320088,0.428597607819616,0.429458203374817
31,0.010902362883343,0.0530207417343929,0.132635615307854,0.2253435734302,0.305226795520291,0.343471858505297,0.359733081184326,0.375403217984393,0.389180061774013,0.396294947061565,0.404188971728561,0.408110477537328,0.412716855480793,0.414385561927956,0.421310226409808,0.421184289963236,0.425577849416891,0.424468947069261,0.421532858024501
32,0.0122365047668283,0.0560960821246571,0.137952180494099,0.237047596430118,0.310594760824713,0.338285237251194,0.36662749878246,0.374399874904095,0.391246611596115,0.400605020742713,0.403264038150895,0.407777377076459,0.421202135367259,0.422779412119115,0.418920268083893,0.422394516666846,0.420406280794499,0.428766993434854,0.421370872555016
33,0.0129322627624123,0.0583588743309605,0.143307232698414,0.247373501133145,0.312931098441856,0.343318806972341,0.362670096112457,0.383504268193282,0.395014688112552,0.391419106755759,0.403694386758937,0.41220003215882,0.416916631296985,0.415294569203457,0.421570800990203,0.422791743550109,0.418686824892427,0.422587754629315,0.421105582871254
34,0.0132187415300078,0.0622467318929727,0.149517550819221,0.248828026624566,0.316759206042278,0.351163058774197,0.369413403326312,0.38093182458054,0.394351610427158,0.407799715837339,0.410822543176945,0.413922545825039,0.414781288040756,0.416911839620542,0.425128137745704,0.420328812464657,0.415551320137458,0.426186430185796,0.43146003816559
35,0.0139068808345103,0.0637772935505966,0.159277254574659,0.254400843673379,0.321561119194292,0.350867507421722,0.37125468676009,0.385668849283509,0.396300692501187,0.397156149480052,0.409327862019277,0.414476149478451,0.411532023615641,0.414751873758662,0.415796103325792,0.426097305226682,0.42318233289967,0.425519860852826,0.423093991890337
36,0.0144542372943007,0.0662842535554003,0.162545180301527,0.266676897082256,0.322832233488903,0.349182882660144,0.374300868744706,0.389078130336675,0.395001767998693,0.403436211322898,0.405777820300316,0.419760072060806,0.424056764294341,0.417046668564454,0.422360494697766,0.426645920542976,0.423498569548203,0.427654400814771,0.423060302474095
37,0.0162213862270658,0.0734957909833349,0.166467354239423,0.272470628091891,0.326209638256887,0.353422960336141,0.371046614624931,0.3877765059692,0.394262959811231,0.403483880467782,0.411357447985647,0.413595592418581,0.410030070116725,0.417949117990185,0.416780721225631,0.425566737351615,0.426844201374731,0.42505534381853,0.432335648537846
38,0.0176388494399482,0.074868007504893,0.17340604423338,0.271303115275277,0.331609076921626,0.362698414165109,0.37560188034266,0.390460468673459,0.398726858458204,0.408702567820722,0.417181247595541,0.417850694823876,0.419082862106844,0.425290752685549,0.427684321399725,0.42091646457683,0.433210706312108,0.423975444087494,0.419918901055496
39,0.0168008286199936,0.0779031444916256,0.180206388157762,0.282015144776965,0.33907091634177,0.355802929332428,0.371941176605867,0.387286862168359,0.397615896160537,0.409172203305643,0.407497326346832,0.416950014180631,0.42179108243702,0.417462706126392,0.422815635593793,0.423098937457619,0.430887494746577,0.427906820809041,0.422537541006415
40,0.0179385504538576,0.080277204768633,0.184708857198026,0.283979932474781,0.340128611665114,0.362430146511443,0.385125384369757,0.395165338839027,0.400242814968686,0.410824997295155,0.406888223444887,0.414887142542071,0.417894212382787,0.415155471132417,0.42268948183078,0.424435157361067,0.423367672111312,0.422794390129933,0.421902743136828
41,0.020230533044943,0.0838453833689873,0.191082502431605,0.291057973157665,0.338808254736886,0.359619350863014,0.380067188481538,0.395527945578548,0.400774738349419,0.41106585305949,0.410871756942644,0.415951961667037,0.417444656805105,0.423513252857645,0.423753625740672,0.421087346116905,0.424615064055637,0.42451155794268,0.429755300725054
42,0.0205325840593289,0.0878830157802413,0.19388766032165,0.295107179757794,0.342259423976931,0.362039386960601,0.387568960968499,0.39192718301974,0.406282666235625,0.40417699813606,0.41678741082299,0.415105343239706,0.422655148149435,0.413056810259066,0.416528181246246,0.423868456870911,0.422753206155381,0.423129273972444,0.428688677103197
43,0.0207603029539091,0.0906616494510353,0.202036667099865,0.297923661423811,0.339687773033397,0.364818921934783,0.380353597881939,0.391341925869389,0.40512300649457,0.403437676446531,0.409423993631997,0.41115279035099,0.418766370606215,0.422511360711522,0.420045042126054,0.421205118356235,0.430579720414694,0.429869037581526,0.427468980932448
44,0.022062981144801,0.0942687701023128,0.205975575341038,0.304837017338981,0.340825789310048,0.370838662964429,0.385377005298195,0.397694425264885,0.394026996773897,0.401288361424286,0.410917434770528,0.411309950189633,0.419426361337239,0.418353908413088,0.423363889639294,0.427925264993234,0.420009940791326,0.432209402302257,0.433670407082489
45,0.0230953365892063,0.0968622054141428,0.213113109745786,0.303038086868183,0.346417265897656,0.368045374210998,0.38766991720636,0.39506410548082,0.403062619867154,0.406330709361427,0.415818413424437,0.421535411740439,0.415905344846822,0.423517498100766,0.428880913379957,0.424288254572647,0.424662962655204,0.434803719763359,0.42939908104781
46,0.0245398827596817,0.100176171821258,0.219364987855377,0.308916303972,0.344314523032346,0.371300590052668,0.388480353925397,0.39591988333978,0.408007444621641,0.409233587708885,0.416302298511307,0.414257086094744,0.425525044418258,0.425079294686873,0.425150526131906,0.424970213830125,0.432159066693661,0.431215892894056,0.432693343860111
47,0.0259958234359028,0.104123207273199,0.223855026409412,0.317090819648985,0.343882280734454,0.368950268181091,0.386131147546539,0.396413940052097,0.413167055472229,0.413904374075331,0.421131318640263,0.419118442606264,0.416345723252199,0.423608004866733,0.424037878908601,0.428040104425166,0.423735690562879,0.42727438902495,0.433874734096458
48,0.0260353855769348,0.109492059213888,0.228499239522676,0.315173292586495,0.354843147929019,0.374655639504224,0.390182437998492,0.396997905092212,0.408462517012625,0.408582082060578,0.415024649833293,0.417111269399411,0.428840462213487,0.421692565007138,0.42024294335004,0.424638394250456,0.432040530015378,0.431890544266172,0.421582503007669
49,0.0287832254146287,0.111503116872538,0.231661798812759,0.317403987229492,0.35598909956015,0.378483121549053,0.390943861697574,0.396341630396343,0.408053331840046,0.404092762464863,0.41437442449938,0.423979364510042,0.424708923032903,0.422270424753499,0.434211289935742,0.424970921847217,0.423683280690976,0.428574039507009,0.426356434767288
50,0.0266085232367428,0.117420323756049,0.234569186081311,0.32561839042964,0.350502637723882,0.381424059302996,0.39032598328062,0.396496884679722,0.409838591341081,0.417269193011745,0.414425304743985,0.419152116911529,0.42046623146729,0.427388088747625,0.42981375165948,0.425613704892754,0.431588042598961,0.421923893142716,0.427924500173667
51,0.030235538221813,0.120717620145934,0.244412032391788,0.325469977028278,0.355014529123083,0.376369891724354,0.394098496384917,0.407359655640781,0.410343880405033,0.41271601853617,0.417666482122808,0.421704927896154,0.422778556279958,0.42156165120277,0.426654269679524,0.425012149278539,0.424023812825223,0.424477768929018,0.426510447822085
52,0.0320938778990854,0.123393403916742,0.246920638715362,0.3324948058908,0.35810912693869,0.376276284158242,0.386838212830346,0.39641286783237,0.404785048681794,0.414817843093989,0.417618232511868,0.419162449567489,0.423060293708198,0.418450951093547,0.420847758464972,0.424503922594742,0.426595590855931,0.421148338899153,0.430473785464209
53,0.0317851650207757,0.124701798669377,0.249359368241842,0.329394019818574,0.358580658806628,0.374816903898755,0.393505633924163,0.402172507242909,0.406353194516675,0.410244404908096,0.423753801231041,0.424054171286448,0.42876213409137,0.422951372518014,0.424941451316507,0.423963495141198,0.434896534040844,0.430958291098053,0.422648810739692
54,0.0339311201782859,0.129649535066084,0.259080075968821,0.334371121392034,0.359786170908488,0.378100450454554,0.396861946864723,0.402260918097804,0.412228561854526,0.414548900291321,0.421069357607015,0.427844415643006,0.425480733474727,0.426023427474453,0.43216808097735,0.430738533755455,0.427311380221675,0.427995943264004,0.42954793219594
55,0.0347384917281315,0.133468930490547,0.262568540161254,0.338048881895263,0.358828686165107,0.378012145482867,0.393734294618885,0.401576998601006,0.410578974960107,0.413349927170772,0.41361610882935,0.424612894333006,0.420999930298853,0.429711985655762,0.431666721789236,0.423792606981195,0.427095873235399,0.425389047386121,0.427227385523179
56,0.0364983202210561,0.134801451081969,0.2634647929583,0.329697304336403,0.363892799629903,0.381082135291354,0.391963892325275,0.402925724126279,0.410874270498727,0.41350325842356,0.419596640905496,0.421775226742305,0.422261698048796,0.429760454805169,0.426521206601246,0.429749970759823,0.426049914403192,0.430388538267962,0.4229758329994
57,0.0374403896447026,0.139782038993597,0.268451468414263,0.334619800157849,0.365123550188199,0.383710552876684,0.388462363115191,0.404695386572803,0.412665238577019,0.407828969611738,0.418802709778261,0.419844287820175,0.421280755367549,0.428492665776387,0.431591459865091,0.422354467537181,0.429360673507676,0.41947324550664,0.426709627001289
58,0.0366522154754184,0.143486176036359,0.27575417103045,0.335955283024126,0.365665901321548,0.388930560526,0.403023153083195,0.406810810771019,0.403572458755256,0.415809009467541,0.419245314715526,0.418964522588524,0.421827824441974,0.421874385329166,0.429837871118369,0.427724254132041,0.429837993439838,0.433215795543094,0.434139884044018
59,0.0397291675918433,0.148419907269971,0.270155163076063,0.334560879074385,0.368543432086285,0.387589456848389,0.399557283329226,0.404051402989093,0.409196899685056,0.411192390601068,0.418330616873195,0.422518370312904,0.424005127078207,0.430589696691983,0.424947215998902,0.426137310652153,0.428648630861736,0.42648180035251,0.42230827174837
60,0.0397720390093562,0.152738778840998,0.280333085105054,0.340040262782921,0.373394805530962,0.387107199974672,0.40072799850124,0.401519110467838,0.42109142816697,0.41771604275025,0.41838288038468,0.425188545121555,0.428348846820266,0.427213941860827,0.417176500188296,0.42574022686002,0.428106076791325,0.437045464855559,0.433560992587802
61,0.0410218822824239,0.152246556810484,0.280009647622182,0.345253317934166,0.373329314598093,0.390614307742319,0.402668522907381,0.407969028473172,0.417141674040628,0.414896453882328,0.425160881659183,0.421610202798978,0.424616483198468,0.432107656847936,0.426074730306408,0.430513891162746,0.434919908863174,0.427920341540617,0.435145342910042
62,0.0416712431744971,0.151904739853345,0.28248258256117,0.337286906241331,0.367860458000789,0.388576307709597,0.400371908593406,0.410868400304238,0.415230279626017,0.409530040069524,0.421184785002599,0.423649401328549,0.425526986078323,0.427656101416723,0.424991269201594,0.432000262562072,0.428549268211476,0.428858391543199,0.432935243935496
63,0.0449406630072551,0.159479230937479,0.289057653575016,0.345411180984244,0.368308933481379,0.384737286340558,0.399805158226848,0.410782078641611,0.411751672372055,0.425078901692418,0.418146568471807,0.422532183253956,0.423943011239329,0.430261426585396,0.433522364469704,0.430394252986639,0.431966672765015,0.44139372096296,0.433786776218091
64,0.0444990914367203,0.164157296658125,0.293522125538566,0.341241106746416,0.378475088334661,0.39467027966205,0.406109778741031,0.404172312355725,0.405646216765374,0.423047858831371,0.419783947481595,0.424603954481088,0.426787729044666,0.419271866189474,0.424344596333469,0.434231426235024,0.430039822770568,0.430141492171384,0.424645774814932
65,0.0474848033815958,0.164941139750886,0.290693698051188,0.344993842830809,0.371939737469443,0.388143370755776,0.393951092811751,0.418413817110908,0.410466237726421,0.415326120175178,0.424564778229327,0.427663151109632,0.42123487963583,0.433239366299599,0.423022897578229,0.426465745721716,0.428588498225007,0.429841210178407,0.428649229232835
66,0.0483597793134468,0.168588668026467,0.298653170598307,0.343073005387389,0.367971576078568,0.388540964661526,0.398397622400294,0.39762520047871,0.416663994949433,0.41387765498371,0.427706554382769,0.422661020113424,0.427099151656778,0.424815343424874,0.424986413003891,0.423580370036357,0.43035203130379,0.436143967704196,0.426821886413954
67,0.049606086298109,0.174088405193581,0.292853225124919,0.348657713402641,0.373897988769583,0.388662478255255,0.403930618882946,0.413695721512579,0.415101555304821,0.416812379294734,0.415760232440852,0.424547199179549,0.432572280765637,0.425772610962135,0.429701270294688,0.428799368331787,0.438924711190569,0.434515918333799,0.433281655880238
68,0.0520295364178477,0.173626798643195,0.306340826326295,0.352275245023126,0.377334929312898,0.391374446005102,0.405888015051298,0.413742517946248,0.418085802615094,0.420545431149385,0.418221817182334,0.421800136003812,0.425889397716702,0.431893520418517,0.432501272294483,0.427994256839962,0.43507188337639,0.432072054295953,0.428830640074755
69,0.052682817920679,0.182406992139382,0.301017185225398,0.351912060837203,0.375269000111515,0.391618946872868,0.401916629968269,0.411072161782937,0.413503967601666,0.413199101718605,0.418736495876935,0.424615784450178,0.427633891742964,0.424109151777298,0.426589372665274,0.423312789608333,0.428984578300627,0.42844733025479,0.431132479654988
70,0.0533261186266628,0.180426375065969,0.308764412006021,0.349090104035302,0.380408477300482,0.397271236400933,0.400820742075145,0.401976168818304,0.418735434825437,0.421088252706509,0.42594808298989,0.421776400636503,0.425467934600464,0.425467380673966,0.431560714584675,0.436946912904704,0.43851241226591,0.425142239177995,0.435222758952814
71,0.0542256198732172,0.187295729505217,0.303060702152122,0.349427817970736,0.378830607933088,0.391734374046948,0.406070424417324,0.416189291646336,0.414928759561512,0.41794204599685,0.427976979087218,0.422821183276815,0.432318927702994,0.433024367512434,0.429690283606664,0.429667184400226,0.431052373118768,0.433480711880762,0.433624146245003
72,0.0567938100316561,0.18798056331553,0.308592548094487,0.351985664615238,0.38520894647729,0.39638791491761,0.405421003744127,0.412840380239691,0.418289598629063,0.418706854919707,0.425882131412297,0.429417437931508,0.427048718322714,0.428306757539406,0.427570298758978,0.430812267102501,0.428997314289334,0.43027344500202,0.430049876853104
73,0.0568814740656552,0.194427721659912,0.311824660137241,0.355123262678927,0.380232781490061,0.396437179528557,0.410251792286493,0.409041763833417,0.41379863808808,0.420050398988765,0.417860512831021,0.424559511786901,0.43347822462219,0.425820911315529,0.423511515606579,0.433253957238694,0.434917647340375,0.43063231594701,0.428329132240901
74,0.0596199118297972,0.19579139871984,0.31396566411523,0.352688752456571,0.381871987632057,0.398612320899961,0.405506293808974,0.411219069255179,0.412696416109431,0.418859932790152,0.423135527097381,0.426469417050757,0.428906077758157,0.432261024997144,0.42972191423048,0.428386981663065,0.426445898160974,0.429034778640581,0.432108622795614
75,0.058765274106036,0.204653509525215,0.314722034638661,0.354804192866387,0.389924182983961,0.394627458884422,0.407336078857329,0.411682236419177,0.417559607176929,0.421474917432433,0.422123813473406,0.418799163662271,0.432185085877062,0.430397022900086,0.430176343626194,0.431296533516074,0.428685078279781,0.423721714289828,0.427682133155623
76,0.0589416718388544,0.202003208813111,0.322078805105448,0.355299931858445,0.378959781105426,0.389210958114241,0.412282520022459,0.407210635264225,0.420360324875118,0.420708410137984,0.427351161670766,0.433599711163271,0.424435717311729,0.427813906155432,0.427899915969179,0.434571039791687,0.432396878183882,0.428985173378108,0.426722541394888
77,0.0628057514732241,0.204517059209028,0.318687549353186,0.358356062009985,0.385188246510788,0.397607806526338,0.405902912003723,0.417699311515855,0.419058576318152,0.418835670476807,0.42689028526634,0.425613371619927,0.418185999571679,0.424864690957751,0.420539380211215,0.431225637546477,0.430193154373779,0.436567897181195,0.435861199468196
78,0.0644647551786816,0.210180483002505,0.32373859842588,0.362461203830472,0.385494331048685,0.396991940785343,0.407272031487536,0.411786763423523,0.417131899017565,0.428492216343822,0.418944643115704,0.421440727247878,0.428518908527474,0.431046091542336,0.433673237384497,0.432827075642065,0.435076615012527,0.429351322505669,0.427707685365873
79,0.0646423631290164,0.212692611155667,0.321001996808148,0.367788125893486,0.381952898120583,0.404476665234827,0.402755692929543,0.416509083115702,0.419495687439004,0.417817189026306,0.425856007415547,0.422163517438205,0.431045013368448,0.423339729997247,0.427479827393939,0.435970382839865,0.430204106078094,0.43144891078549,0.435205038255813
80,0.0699640403740219,0.211463247097356,0.325427970839406,0.367915607091519,0.383783188889726,0.395898599732614,0.410864638695049,0.411112575853369,0.419831278054045,0.419351142710776,0.426831662223608,0.422704195257465,0.429517824443213,0.434231564751199,0.424047155627,0.423985905444057,0.434139640336991,0.427476844701346,0.430625435897157
81,0.0669330611702034,0.217670610790423,0.326102875262526,0.361645832476907,0.384265597565609,0.40188279056232,0.408658801888422,0.417527219264393,0.422241471951799,0.421460197369232,0.419887892907909,0.425607664117655,0.430397317664942,0.431109655680758,0.430601742303243,0.429121087787543,0.437855175730207,0.43023710424771,0.435181786392531
82,0.0678311199348373,0.218103713641568,0.326216886899298,0.365351973630786,0.391793170271966,0.392469437211589,0.406611238023587,0.415036852231919,0.422938170724712,0.427301133469792,0.425274141634251,0.429117050331653,0.432670092997912,0.429648032939233,0.426248986068136,0.433032182178132,0.428644869299313,0.429225975137876,0.430310614323854
83,0.072934575443174,0.223723473285003,0.32914808934999,0.371143699833513,0.38504888721772,0.40294751104425,0.411180278250196,0.413923239587081,0.414130093659492,0.426543773027994,0.420678842605181,0.425773517451078,0.426160312728589,0.429595038820694,0.426767643282024,0.434092298764378,0.429097709945292,0.427130323899953,0.423040760176848
84,0.0724987963057793,0.218359946505174,0.327156793687876,0.368815686616189,0.387244995358675,0.406930855942995,0.406577213061233,0.406897951057178,0.424737476092555,0.422783480199971,0.429238817896439,0.426485194587264,0.427545786378781,0.428604689090088,0.428055067057735,0.431637213398984,0.435448615436973,0.41925213756981,0.429496836275039
85,0.0748338425832545,0.226771944089874,0.32950315592969,0.365834352902945,0.386973796433316,0.397847779737341,0.412895340823878,0.415109045131061,0.422037902548123,0.42445968622005,0.427988319553415,0.430322179344058,0.423040589961516,0.433046322610087,0.425974790047483,0.425993278924613,0.431634856792998,0.431477244047373,0.427087915445749
86,0.0754672881294232,0.230655338329831,0.335793646109753,0.374045181479535,0.393828915882276,0.402156145417064,0.414840763494984,0.426265431341238,0.431642910414476,0.428608924741288,0.424817745472676,0.420407712279667,0.424543412000322,0.423179685392591,0.429546335066517,0.435593293623685,0.430334598784909,0.427363326895029,0.42815382603495
87,0.0788741727254317,0.232534812692885,0.329001058574012,0.364841829958011,0.384953831514386,0.403703519734093,0.407895236999155,0.414066901025857,0.418911908510392,0.422318041172765,0.418493125286507,0.430455006371799,0.425510616431786,0.422907201280225,0.424687167642248,0.429458144513884,0.420092718265604,0.432484597677033,0.431060939147825
88,0.0806673412092124,0.233390998182679,0.333552347534078,0.364053806213177,0.390910853598874,0.400025241240545,0.414481106866382,0.41867995654467,0.415532507711735,0.418290930474469,0.420188633969156,0.427619354108682,0.424638126711393,0.432275497570909,0.429533293441878,0.433874383863643,0.43136267749291,0.432026337078214,0.437137911071076
89,0.0821197301427164,0.241371996332657,0.328838282707042,0.370587784676656,0.387739719408851,0.396292093627674,0.411842867144082,0.410483147189256,0.417733877205677,0.429951166509734,0.420987522955758,0.428148069927692,0.42383011237904,0.429543705635832,0.425230193669359,0.433933223386546,0.432437291450888,0.432571228819653,0.426227432203498
90,0.0811172078947917,0.238916968044676,0.339213795112837,0.375170253304852,0.391788879279648,0.399359322776789,0.409663248441399,0.424061436443423,0.41839298272799,0.428552257037801,0.42376255959055,0.423729982457976,0.441117875539634,0.427127804535257,0.424962004526268,0.437592221959342,0.429535210170436,0.43562972836439,0.436909000161171
91,0.0816292883174301,0.238669972584975,0.337268343841577,0.3740747406138,0.386408802613113,0.40214477388766,0.41067128696691,0.414106929169372,0.418969470502484,0.420291099921038,0.425128737497016,0.433649677309496,0.431881627848603,0.423750915411204,0.430384643306958,0.43424045093754,0.434219246645338,0.435559113856194,0.441291395979608
92,0.0834816514651625,0.246636875360801,0.336892476145363,0.373426944445392,0.396364998777589,0.399962620277488,0.412546172362506,0.411111625118171,0.41713260117716,0.428314599283516,0.420715111631417,0.422263241555723,0.426773748384025,0.427171130452308,0.429746757335483,0.433591005634325,0.432538484826416,0.434555393378291,0.431467675243909
93,0.084416636182906,0.24356643276012,0.340788091425649,0.371933923322774,0.398476890301903,0.403110432627732,0.413401486565367,0.412681299784728,0.418569737568705,0.42580825083331,0.426428802553176,0.434783217096832,0.429509684401737,0.43410098349703,0.423229054714591,0.433889555720257,0.427933158743276,0.429559049686759,0.428985285624282
94,0.0842611814540179,0.251740224708405,0.342606099471329,0.377736839565072,0.394409221004269,0.405547770623852,0.412394296247075,0.413323189806589,0.419284283189046,0.422827772822421,0.42433032442295,0.421834107107099,0.432777587278445,0.430012350646825,0.431799847834823,0.426689427317513,0.428580096068416,0.43060871507438,0.432132625128243
95,0.0880513246478828,0.250347566836156,0.339453488602564,0.382666532316178,0.385804469509904,0.40275123814102,0.410543364645059,0.418011639998995,0.414456082608429,0.422118626969878,0.422443831414963,0.434969721611283,0.436001816505754,0.428525431600463,0.432483634102282,0.426346733876235,0.437170459411897,0.427495897038275,0.436711774207416
96,0.0895632799492404,0.254237099466135,0.342082437594359,0.373474351257474,0.388485584636134,0.406676892506157,0.409105572305509,0.420276521029419,0.422509236974232,0.42660938049627,0.427320434494556,0.428085156059489,0.43465290591771,0.431282091516172,0.428887163842643,0.433729745363332,0.430824322676831,0.431817911155676,0.432660354806857
97,0.0926428789725572,0.258130256786538,0.342131869846648,0.380223394456902,0.398707787801212,0.409650207447467,0.414023545556927,0.423763573894909,0.419647340022431,0.423178333029337,0.426437227115756,0.428713896052123,0.424088379424757,0.427707534698506,0.42657032179393,0.433768404023911,0.431254112291907,0.438604826635507,0.426163471976387
98,0.093670687617642,0.260807280261513,0.340033661218661,0.377839508191779,0.393686121653141,0.401093704248701,0.409503781377219,0.41656273689706,0.422790808912164,0.425975938908397,0.42903718603185,0.42796939154169,0.426715579630259,0.425721813137008,0.4282535777266,0.427623163561015,0.434379258161063,0.432436849317839,0.430092609878649
99,0.0955424176841226,0.259755541359882,0.345082538693744,0.375295382749673,0.391441492622024,0.40610262112694,0.417112170086985,0.420250099940196,0.421235215978254,0.420151988300911,0.426184613412259,0.42830980675289,0.429893022736738,0.431718032707383,0.430225262400268,0.427223509821292,0.434367910948338,0.439195132906065,0.436897051305527
100,0.0975491573918231,0.262449116656647,0.347493398428302,0.379656830380991,0.395616141056827,0.406157139226297,0.41637290350856,0.416972466279723,0.41875149270809,0.418541632097024,0.423472028872115,0.42798981017907,0.431174132507173,0.43300144668819,0.426756078678999,0.426235971118154,0.435667238459134,0.43107622639548,0.426448435650379
125,0.134812986312204,0.307559190491601,0.357814106734346,0.394217217983999,0.40109544396512,0.418379894515851,0.417307170764978,0.424182866865099,0.421581680290426,0.42421219477589,0.43067345874594,0.429881279633264,0.425112028931978,0.432223903377161,0.431662736991739,0.425206199960171,0.429412970657973,0.435364084243727,0.432547255556881
150,0.172458407627937,0.327735762440112,0.379297261473865,0.392615413032337,0.408727039923683,0.418398912064597,0.41230989531882,0.425140511958605,0.432318323542132,0.431212250499272,0.43035386264266,0.424469074086087,0.424309174540857,0.432741866256599,0.443608755039846,0.439257986080635,0.431582428545858,0.439667639713975,0.432872021393767
175,0.202122314143568,0.34137206847966,0.383868873334592,0.402880135281605,0.409935469130399,0.415767300987015,0.421091929190763,0.421592876683657,0.431213045077716,0.426886836403744,0.42889536954085,0.427096265538024,0.433401522830542,0.435492177137111,0.439445539974776,0.435654919237066,0.434695110281761,0.427787813341493,0.435341830578911
200,0.239099957322803,0.350665515340248,0.390770675221521,0.405115043393737,0.417027552910199,0.419744902786986,0.425077169600127,0.422866555097955,0.429310033140029,0.430361701895636,0.43155675667914,0.435083916763142,0.426117052390931,0.43307128130371,0.43417947486088,0.437304649698018,0.431886407234304,0.434159355152265,0.437457561391223
225,0.264862179252888,0.362258957876798,0.399411412717437,0.416109587518223,0.422207503627789,0.422713774693561,0.428205944182627,0.42408903558667,0.430490109886567,0.436074229791237,0.427289904032324,0.431311402894421,0.435454780380734,0.445036428880557,0.436291640376593,0.43538057949319,0.433222512391024,0.423254828813877,0.430319508845784
250,0.28674272182203,0.368571217068747,0.39719267249633,0.412528654418474,0.421989308950128,0.429921252742754,0.432577107555009,0.426723062756714,0.431751428866579,0.436464679511304,0.426620061774217,0.43223590314454,0.434056088331385,0.432221449722357,0.433714950293785,0.435915236765744,0.431707544327754,0.437744466772621,0.434769781353291
275,0.303249145811554,0.382177661157815,0.403288938523902,0.41416815731833,0.425075196000879,0.428524229904544,0.421264033325881,0.425352540734217,0.43251697529241,0.431498764863675,0.433287714786569,0.434775677644267,0.438716977486292,0.430728046059735,0.432146202124072,0.434010334034839,0.435601820291494,0.434525156150964,0.438128915788304
300,0.320080205115354,0.380087333725594,0.402925828835548,0.418031943512301,0.422983021119795,0.431644670473676,0.431094991019667,0.427569615943051,0.429665492145378,0.432510350579803,0.42561501826427,0.429831175183366,0.440083145178978,0.436949035418196,0.443277935252215,0.434999847312279,0.432750393905564,0.446554985697497,0.431454820339156
325,0.324114668262116,0.38774185600439,0.406581268253738,0.415456534930376,0.423069695717885,0.426352177858563,0.427937264395039,0.432961115616042,0.436695598384267,0.426858377310948,0.435703115174215,0.426605256042405,0.434552116368634,0.438031200872281,0.432379316946931,0.435366484181167,0.435155697213836,0.437324444953671,0.433837743949759
350,0.333741909776629,0.39661368061871,0.407813816047569,0.422350089254731,0.426179975029542,0.418796865681986,0.428160924067513,0.429256163757162,0.431249676212999,0.429302130149463,0.427740379000972,0.433654232568332,0.438354340228878,0.439692564490685,0.43847153734086,0.435205468316994,0.436512529043241,0.430974942349294,0.438793395727288
375,0.343073347837723,0.392734889951767,0.413068171435812,0.422000649666697,0.427553025262304,0.429051978019416,0.428346087188653,0.433133016301647,0.428588921692927,0.434348804590872,0.437811892133662,0.435441616466154,0.437691712762031,0.436467034725123,0.434464707928141,0.432964010044557,0.435941102047368,0.436125222771343,0.442667311807925
400,0.345165821595231,0.400510885112445,0.409498722601961,0.417105163063239,0.429500087203763,0.433366377740128,0.43332145725741,0.430855905219278,0.432321130800117,0.436935324535215,0.434453194938647,0.439693702398326,0.442424865205247,0.440265383380932,0.438896837178223,0.440082843514612,0.433449524750459,0.440619029132118,0.433411912276726
425,0.350463214625703,0.394314799682846,0.414933894607302,0.424759145055955,0.42675610956678,0.426211232485801,0.430278094219906,0.429542892074808,0.432110709185069,0.440806240520691,0.425994165749,0.435845653971846,0.441978060533752,0.442399164733256,0.444348656121761,0.431372282644796,0.434163861935054,0.435434229538603,0.430970882257923
450,0.356730371805779,0.405111408211273,0.414790611320402,0.423251703422641,0.432012021589528,0.428806423780803,0.433892285314135,0.429053022475181,0.435685999957384,0.433338935178468,0.440163067535103,0.438709165552962,0.432690596262419,0.429723320605416,0.435684222625645,0.438338563907993,0.437060733051047,0.443947145344216,0.43490296785015
475,0.360950881799187,0.399323710327394,0.418787421911689,0.425471538229109,0.428397550261457,0.431517167672697,0.426644819269321,0.431139024193419,0.438583728428952,0.435691688397093,0.444420598490672,0.429407160935162,0.435666319290197,0.444982261617795,0.438609201476621,0.431611342958873,0.432835750383215,0.434810606013429,0.434326003063789
500,0.363038574344446,0.408909113808626,0.422369074009579,0.428638515221301,0.432914398012489,0.43379116362825,0.427008887021202,0.425801106990702,0.43368715922399,0.438563486362607,0.435674846380238,0.438318073102093,0.438914317589276,0.439625949401932,0.443268621774153,0.43239315031947,0.439494356624352,0.430984758934443,0.432144677704051
525,0.364580576864227,0.400761825635117,0.422137220001709,0.426008455432272,0.427434821167995,0.430670638726022,0.437047897431824,0.428217583123099,0.431929722107144,0.4365555298003,0.434379602229403,0.431679850554869,0.433699622872186,0.426568004748539,0.434226040942317,0.440145003949561,0.430364952820697,0.441431235431498,0.431144808000058
550,0.368108016366703,0.406020251559027,0.418912183334271,0.430320402353548,0.429843063643179,0.436416407012114,0.435080373188348,0.436384565458594,0.432157828183635,0.434176180486205,0.432948505719337,0.439809944358531,0.432769983221637,0.441281970643139,0.435013404665411,0.437733427503224,0.432374896314797,0.437136901289976,0.43527072399401
575,0.375741362794131,0.407617470254998,0.430734360883274,0.422552702504939,0.430575152461829,0.426235834762702,0.431423249964505,0.43365058290434,0.44027351537784,0.438763110080633,0.437628037197808,0.435452943858226,0.434068222231142,0.442638998251357,0.439563049216584,0.43305456266389,0.437865690586668,0.434150075122595,0.429643406346954
600,0.378840679365291,0.420504526361387,0.423016605166433,0.424866217031561,0.438554599656402,0.426983343176586,0.434484091229976,0.437413109626157,0.431046621718129,0.439570121968246,0.438851296310972,0.435116472304564,0.437793127774502,0.435985423568945,0.428383960846408,0.433938083675644,0.432533153555142,0.438174093080753,0.444993904030267
625,0.374899799972416,0.408788827443085,0.421644228714789,0.427398354455146,0.430494608648383,0.430925844465046,0.441567828453664,0.433773396249667,0.431662465076039,0.434578656925525,0.434484500458273,0.431003478016196,0.43814146864273,0.423172158625087,0.438912617874853,0.442482548604803,0.434001444852321,0.436911057834429,0.443691602258805
650,0.37932749671656,0.415820684206487,0.419303775521259,0.432303248945879,0.427349868538701,0.431734095083332,0.440094784338121,0.431405407625249,0.439696670646757,0.432821704945129,0.435570224545442,0.443190870967672,0.432855020567864,0.434660529826459,0.431593175409193,0.435315375551098,0.435620983853841,0.42919730922392,0.436522258460985
675,0.380823104898616,0.413144846653698,0.42188459748683,0.431197370623124,0.434505488730571,0.434801116393286,0.43744491053365,0.436391006057639,0.434745925490121,0.433738754096758,0.441737020596022,0.434558334705922,0.438631552687471,0.437359864494721,0.437993860949121,0.439670962855258,0.4322294446675,0.443204285744553,0.438087883395101
700,0.385818485175757,0.412054681400138,0.42230163570758,0.431191129751429,0.434767974866453,0.43531448949839,0.434762775228303,0.435041424808521,0.436785090084431,0.438438254344007,0.433549039096997,0.432729857162859,0.437481905465892,0.436507481512619,0.437491282098213,0.434437768245099,0.431145641223822,0.442431634843633,0.43168930636712
725,0.389233015047273,0.407784214188401,0.421991262629637,0.430056805923476,0.425336813236078,0.428801770966219,0.433140746387734,0.436608025896276,0.425409766131253,0.440137212278399,0.441056443623455,0.432433059047672,0.431527350068269,0.435487738829973,0.431910900988158,0.43111112167763,0.432732765285442,0.432972825485532,0.435004422858023
750,0.393602525094347,0.409183685693807,0.42612681531234,0.431891948299669,0.426600116992275,0.427225766131569,0.430541871452569,0.435401979552566,0.43499445497235,0.44030345506624,0.432552599008167,0.430623095717416,0.444669521276503,0.433810815618851,0.436066823426324,0.439868582207916,0.441688744344993,0.431770650328676,0.43165573549347
775,0.394304841095236,0.415295262099421,0.425680371337334,0.430341276211099,0.432262677917526,0.434156732275925,0.432340738893362,0.430453709263047,0.43401074511393,0.439764097019259,0.429650174510589,0.431508402047976,0.431146089639906,0.430320050399604,0.431531803707946,0.440040541084129,0.435441806700105,0.433442302855266,0.432706463766682
800,0.395478634830287,0.413323898925982,0.429075739987211,0.435203178151461,0.430672675830432,0.438017661708623,0.430993643460276,0.437590492814278,0.435740341440132,0.4317919424923,0.436593267490336,0.438773908661266,0.43994339520562,0.431606985972099,0.436288410400584,0.435345777658421,0.435019349785769,0.437551912057936,0.435977240970155
825,0.393214969848648,0.408520543900808,0.425522065088291,0.421708937684356,0.436888118630189,0.440002940134077,0.433813697559723,0.433469676308434,0.436520731318572,0.42990178515017,0.431887815801746,0.436620629904184,0.429079365382645,0.435913339265788,0.437577344045668,0.436619175255694,0.436446402014494,0.438015203853997,0.436153848465989
850,0.396689099094713,0.416126650131142,0.427615889975237,0.431507700328414,0.436289492581895,0.43496864734653,0.428957395086207,0.44491334444503,0.444549281784005,0.441980082845573,0.44165751449799,0.435152007640241,0.440673998098149,0.443962603753104,0.435259879598929,0.427835158619627,0.429660808286783,0.427637073364323,0.429326230848869
875,0.391085383669575,0.421172446899331,0.428719265495783,0.431460796733322,0.438883412673141,0.4353473213949,0.435809756999969,0.431218384572261,0.434776977769345,0.434410716844811,0.433270190033003,0.430726373008287,0.438779348572171,0.436218222446749,0.431582909905763,0.434072663461762,0.437051169553409,0.442288313510192,0.431854851059391
900,0.395668494886817,0.418241881804513,0.432813083512184,0.429351523007013,0.436494770989457,0.433291900755335,0.439344735149892,0.433911607125949,0.429510095341051,0.429992756096753,0.439061527062549,0.429259446586372,0.432074498829437,0.438496814899958,0.432353996898956,0.438342159736345,0.437122878570866,0.442063928003035,0.439474726231217
925,0.395836049901188,0.419892747841859,0.433554745496427,0.428837794023753,0.434917169542412,0.431011820554803,0.435500657942623,0.432595750913697,0.430199562373703,0.436870226439903,0.433934651038537,0.43625605402826,0.436640656142534,0.436805243576816,0.439054387352378,0.433089525081586,0.438440399285074,0.439452362240938,0.441855912323227
950,0.399443721677427,0.411062179762421,0.421704430038411,0.429972195200009,0.42839538498214,0.431655303725893,0.428386041299623,0.4383290363606,0.431270234900269,0.437050465284275,0.432754926432476,0.434503404587878,0.435559485263368,0.437798883704286,0.445090105432478,0.436097635250193,0.445590670951633,0.434656952887955,0.434947692165017
975,0.396283430950078,0.420457031564884,0.42940411152636,0.42514627143168,0.430436241030156,0.429906760591405,0.434080964827168,0.430546910019331,0.437565473769386,0.433417522225194,0.428783034831839,0.438562076391133,0.43648394872272,0.441088290639012,0.434502663202688,0.438752465064832,0.439275490305432,0.44173600034957,0.436137112111523
1000,0.403448164475598,0.42286680010554,0.42668709766235,0.428264336711881,0.434426521483154,0.433481805881766,0.43637748267669,0.437272186407106,0.42764608416941,0.439206902465929,0.429260342262222,0.43327618107542,0.436715542524886,0.435318794711418,0.436251813704191,0.431161936469566,0.435387248141737,0.439346191657084,0.438004069821512
1000,0.400854284501997,0.423246127067046,0.434747046370631,0.426363953057605,0.433453314305035,0.432586872273107,0.437464356094466,0.437986422434242,0.432438639423196,0.428553165610252,0.434283742823231,0.433980916483741,0.440441069792389,0.431515771865371,0.4421382911432,0.443383680128746,0.43235353024303,0.437023046692941,0.428344080267342
1100,0.398706705530894,0.420917409971361,0.434261546605015,0.439908615013102,0.433900918516518,0.439411643155952,0.429107262001662,0.432826702430909,0.433675828117771,0.43394368293786,0.435225155973012,0.441536546201502,0.428135097487843,0.440484892006549,0.437843134331405,0.435490196613569,0.430293240010116,0.42881412492558,0.435196224489395
1200,0.411794474495533,0.426725502452358,0.425314436911774,0.437202522846001,0.4347280734176,0.439281262677878,0.432352013281716,0.43003333413821,0.435246679819399,0.437593233676323,0.440581813250306,0.424225267019107,0.442800316633415,0.437762626657388,0.4402586493836,0.431726641683006,0.435188024113529,0.434036260929539,0.434605627388952
1300,0.405624573575846,0.42777795312431,0.435529855987193,0.433547605123275,0.427765883755745,0.434440040686255,0.435791408829395,0.432994449810313,0.435526413599278,0.430456362730361,0.429247643381091,0.435905936335383,0.434000559658053,0.434312006992985,0.435894050621814,0.43690983056549,0.432957857148295,0.430666775533756,0.443487833836924
1400,0.409450322014995,0.427513340356828,0.436882389742362,0.435460819046795,0.437013765422272,0.434291619931229,0.433412454656679,0.428189236016979,0.438642486172528,0.438760590559217,0.444486880306952,0.439934670383535,0.435237473750947,0.434677155160157,0.429740846514837,0.441896928528051,0.440179534658092,0.431305114455448,0.438797913178029
1500,0.41068976417368,0.42224249390264,0.429939404280683,0.430898599447745,0.427329295224845,0.440010147814234,0.437259432556068,0.435960956965622,0.438455512599862,0.442164964106276,0.429127716976615,0.434939482658103,0.431799490319317,0.43746323925506,0.442680385644821,0.435101618105784,0.432471135974703,0.43060980974136,0.435450202916104
1600,0.414427869459999,0.434466624467498,0.428167764273685,0.426856987521642,0.431858608437617,0.438993869817157,0.432511389806363,0.439961321943084,0.436278330114024,0.433932434779748,0.436897179213976,0.432756513374878,0.439495659628491,0.434769109153818,0.441067492156254,0.430702884821345,0.434820877446965,0.425677453799592,0.440638799614437
1700,0.414531144684454,0.425513407923687,0.438882333236318,0.430522379923802,0.433414420025654,0.43099360820673,0.439113859303295,0.436989077782071,0.432923220089596,0.432012528380603,0.431082980366778,0.434841831871408,0.443687871606648,0.433628752672909,0.432551411323796,0.425761172674193,0.435907506087233,0.43599748418657,0.432545495158528
1800,0.415530548404354,0.429251177155482,0.432829703448716,0.432480006155407,0.435446169975437,0.440189037555458,0.437428446268772,0.434604564543322,0.440741979687295,0.427214219053316,0.427362200200546,0.437961920791171,0.434349058805838,0.432860165619285,0.438791961395585,0.438782983177226,0.440991240704552,0.431771225729579,0.438805700441993
1900,0.418844096041358,0.424861976468236,0.434525532730928,0.43062546501676,0.435057964573886,0.435295453684052,0.431900846378229,0.436425194347189,0.442786142285381,0.443805047600173,0.436725585245074,0.435120827125685,0.435089018796525,0.435058842824475,0.439568095392946,0.435315931393555,0.43821835228023,0.446839498519328,0.435648370467083
2000,0.417439618959304,0.426039829952208,0.438704813432194,0.430954066858821,0.430499975487743,0.433841010342166,0.436096443643277,0.432815714523002,0.434840544794513,0.442442760505767,0.433597590966499,0.438268538535001,0.43175770387856,0.440161844375585,0.437751294960303,0.426087179690688,0.434231955523459,0.434295577377091,0.433276518456643
2100,0.417503088153003,0.430600883196542,0.432499006554236,0.436299025957743,0.434614381243906,0.434329857551898,0.428880255609484,0.432734849210309,0.429360449506192,0.433599067605356,0.438304761381768,0.438674210575747,0.443422623878224,0.432215117051015,0.436872496516651,0.432876510871226,0.428654734707055,0.43351262282665,0.430807202273158
2200,0.423519486360125,0.428283430687338,0.432990770715105,0.441435653703691,0.432951207703904,0.435953874996138,0.433888577822333,0.438571279061229,0.432207168458197,0.432528015919836,0.436183572382926,0.442705438196719,0.430907094546889,0.430328830964795,0.431793774555641,0.442732936993904,0.432414604345045,0.436215361204462,0.427067375769251
2300,0.419641896792551,0.430285393570702,0.431989816571288,0.431669498103483,0.431911080066282,0.440615922911869,0.438428333004375,0.443852184301907,0.436536476215519,0.432128118159519,0.428491317800944,0.440758021703273,0.440160157534399,0.435874220974047,0.433468946961394,0.428434690367005,0.43498342485842,0.435505486228623,0.43444800920355
2400,0.422698540721013,0.425469589080232,0.433847791821862,0.438269744050495,0.442482102612127,0.430227062983407,0.430901866037916,0.43690357998498,0.436289777753929,0.435413392589326,0.43555361494083,0.431089691920764,0.435381623791859,0.446285736898963,0.434523381911464,0.441184085357892,0.439156404904091,0.440509769990078,0.439515725363378
2500,0.422211411815916,0.426462206227326,0.428905429805923,0.437948513721455,0.433420526509626,0.434785043688891,0.434165492391705,0.425629403302069,0.438398316566295,0.433011353383328,0.435794263079511,0.43438647012718,0.43124151837864,0.427344053322705,0.436168907961732,0.430531811608892,0.437509833031963,0.43747883242636,0.429585538737317
2600,0.422153313705121,0.4282389778022,0.431577653796908,0.438374688114763,0.434800231864171,0.435998286107361,0.436980022220625,0.434828258508237,0.442442277642217,0.433140890805072,0.437262451521795,0.43714564592229,0.43722837538752,0.436552389273215,0.432177593530112,0.438611816869075,0.433125028611377,0.437154777092535,0.433317879498099
2700,0.420945201936129,0.426350009199618,0.43292553748038,0.431615283858904,0.442736173264825,0.432444641791734,0.428152859974519,0.438176061376401,0.439413197301205,0.438854171257908,0.43616904826394,0.437613923945911,0.435307212587502,0.427033063853404,0.434765047192886,0.436499955421108,0.437604029828602,0.438238501779437,0.434413083751305
2800,0.422172916080227,0.432661298070765,0.437638832759748,0.44063310419108,0.427445593468595,0.433885220124659,0.442958167486653,0.430114904858671,0.441752990176771,0.427655259710917,0.430339403340265,0.436004375387765,0.436455018653202,0.433407494170734,0.439869870771746,0.438112826695469,0.430805285372465,0.433771194189562,0.432360054372857
2900,0.424479411534592,0.431979192902225,0.432229906219982,0.437023398207061,0.436238591391027,0.432182198707862,0.439957878714602,0.437791320451864,0.436878777090268,0.435808991601497,0.431366988781376,0.434150057542865,0.441715107854546,0.429932078026452,0.436799316632212,0.441378532924833,0.440961207171761,0.447239747539125,0.434546073478927
3000,0.42644566988543,0.427950473356116,0.435237046435551,0.432330330099501,0.429866328025299,0.433292135205,0.433862747265242,0.428759919716212,0.437052035766126,0.434151607623268,0.43275061225631,0.442867067336799,0.437052352239492,0.438434099652337,0.44289148557033,0.441294470039855,0.439842290073389,0.436354048357376,0.438219382117676
3100,0.425013697634192,0.433215379881337,0.431128660876221,0.435261059284847,0.436847854550092,0.435091079046943,0.432909979680797,0.438594976360847,0.437656628684392,0.429182423026888,0.435505651796308,0.437417569280803,0.431491254133287,0.433930198433533,0.436341145069411,0.432498590089938,0.436990932782198,0.43983430137854,0.44158779005607
3200,0.427423155423607,0.431375534254437,0.432864294765522,0.437194036722664,0.433337471361205,0.437915668579681,0.431989853261134,0.434909167685401,0.436706663290504,0.436718017881036,0.430995570243647,0.442187039671635,0.433817786323499,0.439777860506,0.425534272321279,0.436163293225557,0.437057926642536,0.434820612039981,0.441540630294581
3300,0.434393126343659,0.43180818576941,0.437337124628984,0.432043416074884,0.435938654183385,0.432754051566771,0.436999021636883,0.436369269886006,0.437558777772716,0.428504978984841,0.4357100901802,0.436803831708129,0.438660905610544,0.433026779054818,0.432973375887103,0.442318311278462,0.42996977775352,0.432244538941419,0.437780779768637
3400,0.427376316247959,0.43443497647605,0.429968948925637,0.435973170075088,0.433748933116118,0.439208037262142,0.43187180918952,0.437454885720789,0.437668192535866,0.436849467672912,0.438676655188286,0.438987282021637,0.435007044475116,0.436452647858684,0.433373032040811,0.436568327033051,0.433893442066057,0.434125716534049,0.43353765855569
3500,0.428189411715193,0.436556075682965,0.434142521201618,0.437371818737259,0.432787905317842,0.436690418360381,0.433202681357359,0.43576633919316,0.424882167030349,0.436512922622238,0.436122088813881,0.442379806366788,0.431164543157862,0.435531004007117,0.437154851398908,0.433504665884796,0.436406314232928,0.435251259441037,0.433765207040544
3600,0.429378186574698,0.427056221764573,0.429907474543016,0.433464633781435,0.43647386062213,0.438222237266945,0.44192263043982,0.438628364795695,0.432544136926047,0.429793917600527,0.435154594528197,0.43422121460402,0.433630005883907,0.438127458162179,0.435384186879798,0.4409391856825,0.439195248790322,0.440010147581339,0.447685007245631
3700,0.425091781840043,0.431541191989915,0.438207900980973,0.43552780197285,0.431744811950673,0.430031707378006,0.431598537065048,0.436240273227442,0.429952482301698,0.439005356150407,0.435389800781596,0.436562838575918,0.438748142457829,0.435077913871434,0.435555594343219,0.435335695839288,0.441294426040864,0.436131685485659,0.440333854439097
3800,0.427467620141613,0.437708748675312,0.439330824110786,0.436528634498394,0.437816959695499,0.443450679338572,0.436370958302861,0.438189419449274,0.435663613753048,0.43732271284215,0.441263036356636,0.435018490517649,0.439883963723817,0.439179116747388,0.430808104133476,0.4353897531386,0.435502608658837,0.433317998753954,0.438995215024215
3900,0.432079865563277,0.432959190090978,0.429896324339695,0.429768202413774,0.430282865027345,0.431894233067491,0.438529030014298,0.433654183922732,0.432108446337206,0.439045379536789,0.436199438693972,0.434604425732304,0.443830889817254,0.435669641940801,0.436979228099875,0.436691720370439,0.440372609015091,0.432102637763798,0.432868085103327
4000,0.430893050716172,0.428804495077582,0.427982779039681,0.438873425792178,0.432919433919738,0.437219907160895,0.427635676562587,0.438976052230549,0.432775747867684,0.43473685278269,0.434938056082813,0.44376471797962,0.437834372868644,0.434393634306206,0.430790347328595,0.431272234096828,0.435140847114277,0.430043582631,0.438008214601369
4100,0.429105927619428,0.429001875170628,0.435826357696245,0.441446696423411,0.43794318793124,0.437916531811783,0.44169909216216,0.442287975000057,0.436325488422386,0.444141406394024,0.432783085660884,0.4340313642457,0.438016636890119,0.434285916945765,0.435501292216763,0.431858439770685,0.439639799030345,0.433363321074294,0.432126034853667
4200,0.431003547647644,0.431361184980781,0.430364935437326,0.437909817824937,0.435683385569531,0.437856853535987,0.436664078653743,0.432870156459465,0.436448987265965,0.433975467199132,0.43619332616513,0.432578177263981,0.425872115809467,0.437845089511678,0.440450683204079,0.432789305456356,0.439485881504282,0.430308737039696,0.437878035143833
4300,0.432360753436717,0.428412394055658,0.430254231380381,0.430158694305467,0.438531525181749,0.437701056316933,0.436005408409924,0.441006948319958,0.433735052670388,0.431956625262297,0.432764423519853,0.436927359375748,0.436656912289332,0.4331254612128,0.432746944270928,0.438823876333063,0.439159633569407,0.437534233474705,0.426471004535271
4400,0.427293735924916,0.431984850962472,0.430804102451299,0.432751964067867,0.429873467168003,0.440900760133254,0.431513602954864,0.442265995370789,0.440958387984647,0.434913857308241,0.432778178985546,0.436582426310857,0.429343005062855,0.436167846033855,0.436890264252773,0.438513003372663,0.428945164148155,0.436481971236807,0.434925420482963
4500,0.424267876957182,0.432935812996229,0.438488805826986,0.433412439728834,0.435165484621507,0.43703727694987,0.441653344604291,0.434743136386596,0.435822958012102,0.436608149212383,0.433994996078448,0.444524674033433,0.434644307524246,0.439490592605599,0.43465962019005,0.433427109937078,0.434636360615441,0.429640411131712,0.431703285612442
4600,0.430159745971244,0.430771010290084,0.437168315098507,0.438954472582037,0.438155531479626,0.432090298407391,0.435939704182687,0.437033455335381,0.436130587488368,0.434102841712009,0.434560025952423,0.440549176525105,0.429370239093429,0.43345841688935,0.435675945251407,0.434966443286229,0.441624278127011,0.439615387869699,0.44393673020098
4700,0.430808868943056,0.432756713582554,0.432475894782942,0.432278092171253,0.439460766444879,0.440941915971004,0.432969866299387,0.43951582482279,0.443234628293457,0.433075750144367,0.439377484091575,0.437291889773535,0.438576438302466,0.44072636017088,0.430352666607817,0.436741980545468,0.432973642811786,0.434293549849356,0.442275642358466
4800,0.424178620591141,0.433197030641494,0.433159719366289,0.431362596482423,0.428497414739305,0.438818417675468,0.429513336130805,0.441403035171862,0.433024169826394,0.432719930022999,0.431438498639664,0.436147459290917,0.430806214230981,0.439872386671583,0.432529336352537,0.429957605718614,0.437672154969714,0.430907236621116,0.4337199595829
4900,0.435201680013268,0.436491834355816,0.432800734453079,0.438603541646292,0.431493968157993,0.432792089935369,0.439585396450191,0.440153767409425,0.436035820904343,0.434908586869768,0.44633332756728,0.436937971097774,0.430055930715966,0.443573469804002,0.435064119255759,0.434175536053651,0.433702696207812,0.429494752296923,0.433271453300492
5000,0.42487140847942,0.429828659064892,0.436291557772746,0.431118744093546,0.437517941283972,0.435272792859801,0.436193033477016,0.437190156530673,0.433638958975252,0.437578938715129,0.443334302583952,0.434275490345336,0.441936783343121,0.431973169828713,0.436504109731632,0.431894143026232,0.436246548011844,0.439381394123839,0.43920611111001
5100,0.427282319587718,0.430496454305893,0.433496904051447,0.443773126426745,0.439969528898168,0.431245144402858,0.438634841437488,0.4352644390621,0.435448673749193,0.436455226408915,0.438632657463072,0.440053397263199,0.43293073837679,0.430720821682067,0.435324999198907,0.435087136931358,0.438448816300533,0.44297728101728,0.431792932757272
5200,0.435840008549124,0.433785931496906,0.436008120295048,0.433451622219481,0.436442284673056,0.432930874852395,0.443552608126042,0.435941940684658,0.43192306728167,0.439775312696532,0.432455168872323,0.441899439482437,0.433425808750931,0.433074593258619,0.434780405062792,0.43505518956469,0.441176221573886,0.430517512109314,0.436927986017839
5300,0.430715047509445,0.433396707462013,0.440305831860848,0.439094365694536,0.431093350819346,0.437249032665687,0.435182985292163,0.437258064557494,0.429460374598748,0.435941155043228,0.437450954612219,0.442989875233333,0.438148613296329,0.431276563933224,0.434347301613391,0.442202423967862,0.43865119992311,0.440530390500079,0.43781707660539
5400,0.428246547254783,0.430695315691064,0.436170178918883,0.436891354517507,0.436107028735366,0.441042160743882,0.439346358450844,0.437105348943383,0.442076978230433,0.435950480938557,0.439871946651337,0.434754444165244,0.431878179602532,0.445122860311057,0.442499031399096,0.43626161261791,0.431128822446376,0.436399079250356,0.436224102610277
5500,0.431193729583621,0.43251835649877,0.432526747530432,0.441855183634769,0.435972407462936,0.432549561970874,0.429385903481809,0.442611095092553,0.429273546042585,0.441457869713974,0.435615584503185,0.439985167856826,0.435060864936216,0.437352383615122,0.442695451128017,0.436804574729687,0.43364651166991,0.42663897400086,0.433580442721009
5600,0.4314206241084,0.430437208964795,0.432616071086157,0.432023210349641,0.439921679761059,0.430785636970804,0.432102007836771,0.436418564249192,0.436328665334319,0.441008804999635,0.431167361134226,0.434935141522305,0.439426127110339,0.431371405217287,0.4316416621198,0.433454530475774,0.433388495253641,0.430769913332741,0.441967846330376
5700,0.432000237854505,0.438694157530437,0.433146596732041,0.435067144998273,0.428483473130483,0.431554554938663,0.431476258220916,0.430511347921061,0.434878256067313,0.435613872962102,0.427368304068216,0.441181520148859,0.441239738322532,0.439596231733269,0.427779031117137,0.43927439860974,0.432285665000632,0.436537045997953,0.428473361748191
5800,0.431644116689218,0.432183564024289,0.436000407299142,0.435203821413721,0.435342722772958,0.432950489205682,0.440322699593538,0.434023268059005,0.431293040260671,0.433015384110169,0.436007431435523,0.437075420437408,0.439528094785136,0.431624380351959,0.430529733491667,0.437821827153521,0.439115207543575,0.438208882876496,0.436777051553031
5900,0.424573341145734,0.431819644593743,0.43832634716559,0.434811882041966,0.434473039022156,0.43811744717244,0.436499296267146,0.44152818194114,0.443385735963458,0.436779990486576,0.440759269662133,0.430223981148134,0.440670514704234,0.431924953423431,0.432305954959702,0.435039933270447,0.430184663180022,0.440250764072843,0.437206457205893
6000,0.4300092487966,0.430533735600203,0.429299208149231,0.43407110436618,0.434489822893118,0.436352970994529,0.431496187414676,0.434130292023254,0.44324993169671,0.435200772758208,0.428494442168787,0.440676918385582,0.43603687475107,0.440412333845158,0.435120889896877,0.432201690093538,0.438081999351274,0.432966050193809,0.436628372497378
6100,0.43243096964981,0.430357899941204,0.430474093417743,0.441360739802913,0.4395756443139,0.438465159389999,0.436825365994465,0.434331264056507,0.439270115948279,0.443754109090912,0.439089243273328,0.440280313304316,0.432637172808374,0.445228792203888,0.429651487580356,0.432569950659747,0.438717945002639,0.432418240836548,0.435658537785391
6200,0.427128758622847,0.438085520959489,0.436081771440484,0.435726428341468,0.442712843710535,0.440435051765687,0.440092440137788,0.434088060767131,0.431926393654025,0.440031365383326,0.432508302430031,0.43985680259092,0.433448851337762,0.439464013494695,0.433988554849467,0.43727318338448,0.436634213173522,0.437368462860225,0.449274906236862
6300,0.424005242964097,0.43443554369562,0.435278378911887,0.435664349967345,0.438528837473837,0.431834292825932,0.437305128603532,0.432595814302158,0.442147743954267,0.434907492625709,0.429442327187846,0.43886593588408,0.434171638063631,0.439285488823531,0.435676836244359,0.427844750105368,0.437027527936632,0.441580996153205,0.435805491937041
6400,0.435804759106195,0.4363356293154,0.435294188703573,0.438243751522102,0.436323822400554,0.429071767508834,0.435372520036771,0.438795013556258,0.435856824229516,0.438061578366383,0.440652822772558,0.437109128298138,0.434308987178612,0.442777101237322,0.434551686351521,0.443132065425593,0.438603666861549,0.440494139689591,0.439788447589184
6500,0.438563065462325,0.435898343247962,0.443807155601139,0.434617883762577,0.437256171368159,0.437672702344574,0.436806253895932,0.42925735857285,0.433699309489106,0.431775266348251,0.427343870006135,0.444389232208599,0.431076158679173,0.436004672578426,0.430687700058197,0.434593278641324,0.439755599958215,0.433403161362809,0.432734021458069
6600,0.429489219232237,0.428608832343072,0.437697041407608,0.434519887225644,0.439776547012471,0.431751760416241,0.43424304510076,0.439703933258441,0.443971591499585,0.435531704021303,0.430899911097852,0.431553725985609,0.43780933781063,0.442197244628607,0.434302219537716,0.437888493331224,0.439129600640265,0.437621493542273,0.435853864845662
6700,0.429889541381291,0.429724391085709,0.436543913378797,0.438024449488525,0.434236544196599,0.43245511597735,0.434562710421742,0.434697489331948,0.437313649563393,0.426145533460072,0.440565977318539,0.440088020477552,0.438011685768427,0.434231285004102,0.435541600623877,0.440940551458381,0.438742569485475,0.441653136831424,0.438349615782354
6800,0.42894819308234,0.436285544404882,0.435717078195092,0.436983429593693,0.436197060543504,0.432134036573746,0.42943208514336,0.442992765651592,0.435143718860442,0.441359973354324,0.432827513097476,0.433852993114849,0.431974050798513,0.436856546751838,0.431616606819524,0.437412828540267,0.438698196630831,0.433577843250046,0.437577820704159
6900,0.427949027790617,0.438202622614766,0.438545627009343,0.436044511945377,0.433570833561736,0.443184767123358,0.431649748054639,0.440879192309376,0.441498925337292,0.434992280008632,0.4373715483741,0.43587110035449,0.433981335504188,0.429864417058908,0.427769462089335,0.434984320480965,0.441106244582225,0.435211200611015,0.437093888626184
7000,0.427602458412319,0.43061453946844,0.42863460115633,0.438467327577809,0.435769342758029,0.434641941248608,0.430562184725048,0.440699870044218,0.439470053697229,0.437114094946986,0.440447976870076,0.435202526959696,0.43019459806138,0.433871242039656,0.431219594348985,0.430645848311567,0.435761401121581,0.430817383842814,0.427357189154605
7100,0.432234487149306,0.43372891416296,0.44114667252804,0.440859520885406,0.434288396900513,0.433309640357287,0.4325891959929,0.440850993577796,0.434743527081062,0.438572241601392,0.434062658974543,0.431168545543857,0.438238870875703,0.44153035720009,0.432085734846922,0.432951870159847,0.437723520693517,0.442054900114345,0.439763422139493
7200,0.43096746074764,0.431427225880305,0.435881632773295,0.445496729706678,0.442144171597951,0.43907299073213,0.437828700667836,0.439484502006268,0.433464079935933,0.435492546444052,0.435336682540722,0.429488757752259,0.442170301126515,0.432422901744954,0.439424936727031,0.438032393147168,0.431090004027493,0.435468033988087,0.443456499980462
7300,0.432342915758294,0.432994631492076,0.433594466811612,0.442595292068244,0.436511793370322,0.436647069001896,0.437014794893219,0.427886797724587,0.438127441585224,0.431749741708967,0.431378157105955,0.429522236316605,0.434040112509678,0.432988884847809,0.437251094305008,0.434826577503495,0.43636950501558,0.44077216308251,0.435409342462781
7400,0.436423406653178,0.441301905970778,0.435507673975257,0.440581966612678,0.431935518042653,0.435399608811158,0.433811345735112,0.439926053618818,0.440948798970441,0.441292663204409,0.439166911745986,0.438165572555056,0.430947981172389,0.435827829513914,0.434978646944603,0.436309140562115,0.431353170194947,0.430873172508262,0.429935128593716
7500,0.439456285241142,0.439635208764349,0.435074824068309,0.42814768094783,0.436911022269251,0.436807436681676,0.429467000560671,0.434638975184215,0.436900937000107,0.433991028557066,0.436150195084221,0.446100049361425,0.435140779887259,0.43793515504027,0.43572247524862,0.428809028447071,0.439117651859353,0.445293579998737,0.438999357140514
7600,0.432135075553565,0.434392760361184,0.435996663980778,0.438750354087147,0.434537831517785,0.43640546953104,0.440568629737453,0.435568865146663,0.437999660680649,0.43648486046159,0.435525865056508,0.443468649420845,0.428599509629814,0.424297125444909,0.426676286606774,0.433029152337215,0.437452156503469,0.433221531305193,0.437383704322601
7700,0.429575668202692,0.434016418697302,0.431472955704122,0.430520279516357,0.438901267766797,0.427223600301534,0.429166055934331,0.435483224822066,0.43332986868911,0.426615031125806,0.433112143106188,0.442826203945264,0.441955804612567,0.433174000350805,0.432850525470899,0.438488959764268,0.429653118445782,0.434483279857184,0.436468232444306
7800,0.428813011454803,0.437300612839633,0.432036365172177,0.433281680784609,0.440102135197474,0.432382559598867,0.436364639563191,0.446972565548505,0.435469716369591,0.432146058381535,0.432297222942049,0.429993743088315,0.437356084357679,0.434301955042081,0.433079095990662,0.432599883193187,0.445530974811472,0.44004607049446,0.435563937945753
7900,0.433322583779852,0.43471099125059,0.42952040272594,0.431845634815939,0.426559815874454,0.435669099498063,0.434966571078782,0.433238613466759,0.429951137971192,0.432887851511311,0.439265892295923,0.434535765749612,0.435549896035271,0.432464220363334,0.435940023481087,0.431811414249811,0.434118262373062,0.439876314440944,0.437535844835935
8000,0.433831066083099,0.436802855803532,0.430202322113212,0.435853897281977,0.438645880750986,0.431653853313,0.440538861789451,0.432250618057497,0.436052483796089,0.434817531045205,0.439452160624553,0.428329580507195,0.439275515427658,0.43460301180733,0.436608778465068,0.430254488107904,0.439797290832959,0.433253204744614,0.434070066306359
