Lkm,pd340,pd680,pd1020,pd1360,pd1700,pd3400,pd5100
10,0.229021820084531,0.319446235544896,0.347433563708539,0.36756873086541,0.378925600635811,0.401691867129852,0.410069575586969
20,0.293437831895804,0.33916408830141,0.359354837676917,0.374151069480091,0.383257070060959,0.402652749139815,0.411838912538915
30,0.32837115891719,0.350665693555112,0.368182222724917,0.37807181895992,0.387025029005011,0.406521288015677,0.411812890884971
40,0.3418315785188,0.363532094896745,0.375394621300645,0.383521359489579,0.392145821413918,0.403669378110857,0.412229617592868
50,0.35468999435652,0.372380099860303,0.380287568850366,0.389932236775561,0.394138837599585,0.411533648618229,0.414521567397582
60,0.3658660073789,0.376591145363005,0.383676421728308,0.389968108074721,0.394418436499873,0.406491893882041,0.415444364916319
70,0.373285991775032,0.381887771416176,0.389642861500842,0.392378877789665,0.397411969939014,0.410129042038972,0.414832619472098
80,0.37900913292888,0.385721159649128,0.393033948727034,0.396813000776751,0.399545898737749,0.413684777548145,0.415358690712791
90,0.386670466905638,0.392461131607056,0.393653451768462,0.397448167115898,0.401193730965673,0.412278602291462,0.415054374123739
100,0.386540731008677,0.394623393328763,0.398839434500616,0.402015122324274,0.403121234813002,0.412152272257298,0.415665103910143
110,0.389285294196392,0.393910448581713,0.398227246383747,0.404197918490707,0.40444961084794,0.413847791717218,0.417142673545146
120,0.391652536555413,0.398229272592068,0.401849089876649,0.403573261860193,0.408070525338219,0.41315788275421,0.416724370705029
130,0.394627637163203,0.401746542874957,0.402775678603732,0.404776104237305,0.408045445717988,0.413022921928023,0.41549551461538
140,0.397516492145656,0.401926610695109,0.404039167792476,0.409037280542189,0.409062105355799,0.414341087163301,0.418030958976192
150,0.400626878841508,0.401626155629664,0.405652266430527,0.408810008882685,0.410016408735956,0.417987212074604,0.41630680616125
160,0.401935120078725,0.404500609427926,0.406731485459464,0.409356257281176,0.410683278649903,0.415990110012071,0.420474516371803
170,0.402902467881051,0.404756792980482,0.408675521014928,0.411002834439863,0.410611497884747,0.416520975573344,0.418505655108592
180,0.40662619577295,0.408484747256904,0.40984204876126,0.410191916986457,0.410904768042942,0.415039774998505,0.418984491683009
190,0.408339950566945,0.408041435120891,0.410066473720854,0.410084953038686,0.412637189966547,0.416700764459923,0.419366498801917
200,0.407885048916162,0.409717345584377,0.410529959494494,0.412560626311853,0.412881490066754,0.415920147509095,0.419578076633206
210,0.40973778951645,0.410184685617194,0.411621333307689,0.412922497492138,0.414271424991592,0.417177836150534,0.4190705970838
220,0.408884068866029,0.411108139171713,0.412086932235092,0.413077906421229,0.413146244664812,0.417108242781465,0.417499726127235
230,0.410973893513447,0.4121054015289,0.413964713286349,0.412446851402111,0.414345217742355,0.416367476390652,0.419337990485995
240,0.411466726446542,0.409248915876877,0.41225680296136,0.414414673984147,0.414891036817815,0.419156588050586,0.42087536890044
250,0.409579261463267,0.413289454338529,0.411684984116925,0.413043721109327,0.416890651614374,0.417113388274288,0.421883720535652
260,0.410502197631843,0.415045009330947,0.416252004650754,0.413849144756081,0.416365806131966,0.418494732446816,0.421303051780292
270,0.410382917009804,0.411789412622345,0.415855450986748,0.416070846778999,0.419373979457033,0.420112762673861,0.419805556280145
280,0.415279980009481,0.411992152646415,0.416940517956324,0.416636210674367,0.415471320042811,0.419912501094917,0.418488329910707
290,0.416044656829879,0.415006849762185,0.416467663260377,0.413776594439676,0.416478181376867,0.419831696379501,0.420689836383363
300,0.414197624409912,0.415550719943136,0.416440073074816,0.418025827104681,0.41885116670665,0.419229150742286,0.421907873884359
310,0.416210755300635,0.415451302080252,0.416707472592248,0.418739653745363,0.417711203607554,0.419635770714885,0.42197509258674
320,0.414949958585709,0.417722705420372,0.417125017744604,0.418716823547764,0.417794441513957,0.419285096774851,0.423619169009692
330,0.415533051957607,0.416322440770976,0.41485001408377,0.417146418611208,0.41789082414908,0.421013713531695,0.42069982404088
340,0.415352491774784,0.414876889593511,0.415673217484699,0.418513986533335,0.418303971544248,0.419616442608537,0.421404440993345
350,0.414802725526872,0.417244674067635,0.41918266158315,0.417835431613936,0.418049220647637,0.42218637585713,0.420787777688402
360,0.414606068713716,0.418781924859415,0.419617725594771,0.417396876007582,0.416921746442042,0.421980652435661,0.422309724029756
370,0.418690603716787,0.419325482870991,0.419299013965206,0.419864748602638,0.422610266367396,0.424842167494852,0.420902193218519
380,0.421017558861993,0.420780909813426,0.419827008634504,0.417327383775081,0.41954984340735,0.422302473026901,0.421445469653402
390,0.419067934612525,0.419804323781448,0.418976312022685,0.420106106218681,0.419495660555131,0.42247901266408,0.422704750120547
400,0.41943199399843,0.421718958625866,0.419614496416605,0.417691391270927,0.419081430226581,0.420869136571297,0.421914463801573
410,0.420024946322738,0.419500062976621,0.418650515160878,0.418405127526681,0.419639242716977,0.422501461690408,0.422854622401749
420,0.418315193976293,0.419935963471604,0.418588360576464,0.421967410216012,0.420011988128287,0.422885592272411,0.421121815613624
430,0.41999662898638,0.422424402442121,0.419463461203395,0.419006362288435,0.422515173898423,0.4230107896151,0.42150148550409
440,0.417203159956339,0.420244574004237,0.420643884175046,0.418855967798273,0.419344677180991,0.423587674120204,0.423222180423218
450,0.418924582377914,0.419171237251434,0.421821816042622,0.419009484871667,0.419383419466932,0.422064008966629,0.422930726003709
460,0.420344061923332,0.420570286364757,0.420945169201009,0.420177714319106,0.422111876631535,0.425077662718773,0.423388941264682
470,0.418052795570754,0.419838529020505,0.419810432312316,0.422687743442474,0.42205087056263,0.425354355312294,0.426163505821973
480,0.419795891809683,0.420271613951716,0.420643740217758,0.420611139610025,0.421557303090354,0.419290758422403,0.424026182007302
490,0.420214067731048,0.422235621762177,0.419128894984449,0.422221178455805,0.423442947041693,0.421541557708303,0.424815733162292
500,0.42155802376147,0.42233841794245,0.41894542504417,0.420138196182325,0.420911675800242,0.421097129218302,0.422306188254364
510,0.419192275699111,0.420483383186285,0.42167021257396,0.423113794491475,0.423957677038051,0.424390189032735,0.424974447373702
520,0.421669382135631,0.422779473462754,0.421846662947207,0.419341739720735,0.421503563436797,0.422423875133186,0.425144386235789
530,0.420682314301378,0.419587103419929,0.42124791241923,0.421323180746207,0.42165425375463,0.422899890944923,0.422031146971817
540,0.422391020769328,0.422882776134231,0.421023840712923,0.4216628651741,0.421206614327943,0.424607543192468,0.423873845953483
550,0.420226280306129,0.421986381216668,0.421715460135654,0.423199743277127,0.419535425665934,0.424229568325891,0.424917395289229
560,0.423025888511527,0.42393374487931,0.422995589689729,0.422756877289343,0.423263337871087,0.423882536471584,0.422115851976687
570,0.422357946358624,0.424369962830674,0.424243933211707,0.424170557646701,0.423461558531641,0.421822965947604,0.425617405281234
580,0.421232279915278,0.425001279668762,0.420471841257556,0.423132180361863,0.42271252666187,0.423668608906384,0.422739839556806
590,0.423946012294075,0.422511376670514,0.425085461994941,0.423387372716653,0.422085009086986,0.423038357846237,0.425715307248246
600,0.422450827309569,0.42221322277781,0.422600341495072,0.421338415520789,0.424272306625324,0.42155971332846,0.424052704085297
610,0.421751863268409,0.419443540311476,0.419936368637627,0.424864644872708,0.425744608329518,0.423386400734554,0.424572247844477
620,0.425762627721264,0.423753391784364,0.422681422755014,0.424817815682878,0.42267561461615,0.422974667761075,0.423985202808737
630,0.422085686664978,0.423135241189769,0.426051901615649,0.424793110674493,0.424182228317559,0.425580552238305,0.427794982211783
640,0.420860271500656,0.422647206690462,0.42415350168895,0.421989392136358,0.423366202578401,0.423380098561002,0.425819509248551
650,0.423369422793123,0.421253850872947,0.424604081192947,0.425081312904645,0.422493870660283,0.423412091078124,0.426382881883138
660,0.423140983026931,0.424088640390968,0.423552319425787,0.423174900557698,0.421565916713572,0.425576811125327,0.423743574516311
670,0.423120092266734,0.424033225712525,0.424064110225511,0.422767175865992,0.423277632721096,0.423530171322657,0.424275506328698
680,0.421588001350119,0.423440081963087,0.423196612145682,0.424531608765784,0.424486831196723,0.424063284848993,0.422774733356712
690,0.423776290741885,0.423226962355394,0.422985217586552,0.424684408948859,0.423015058349756,0.424885264627253,0.425332321081669
700,0.423933097020424,0.422202094536676,0.423759945143514,0.420284213184251,0.423985523367877,0.424919710006533,0.425317461147446
710,0.422875167454313,0.422553316672128,0.425340572740161,0.422475784234682,0.426117752042031,0.425119591311807,0.424452481461774
720,0.422855276042603,0.424147636205175,0.423140127860915,0.4226740983314,0.425417345444069,0.425736668625388,0.423535027230785
730,0.424808173952729,0.4248175893612,0.423553896258119,0.424274135963986,0.4246847526474,0.423581140487739,0.426834317536854
740,0.425638180473858,0.423741509578889,0.426702666930166,0.423995239056563,0.425043127096452,0.42557437211541,0.425611337130394
750,0.425231958128791,0.425189023012591,0.423608826805476,0.424814832974365,0.426251322766358,0.424167462842525,0.422355522423937
760,0.424553505425086,0.424480671632192,0.426328066011821,0.425086140125445,0.428110791602814,0.426880817434573,0.425847175528613
770,0.423505778784922,0.421957017372627,0.422364268952689,0.42134395595467,0.426221836986064,0.426905708486877,0.425448547627426
780,0.42558881196923,0.424246004089228,0.424071335195409,0.424771566563287,0.422887953812642,0.425823541613104,0.425480187591199
790,0.42290160515028,0.426897402413272,0.42630317665373,0.425221518597527,0.425387195543801,0.427295535890758,0.424007371618291
800,0.424042505426552,0.422923973712512,0.422290508364752,0.425341553324659,0.424906096110038,0.42663130318635,0.425710374542627
810,0.423377497711963,0.425535114276886,0.424049633017753,0.425002717081257,0.426261999402052,0.423852861959164,0.427215685894955
820,0.426146795542425,0.423824272100175,0.424128341416436,0.424532929882293,0.42741693772945,0.42586083622537,0.426830862972842
830,0.424476871099705,0.426547884295287,0.424713164504717,0.424906678341426,0.424290590066336,0.423827130310379,0.423900775506312
840,0.424690968022312,0.424796309901095,0.423479086277357,0.426141259248526,0.4242428905292,0.427494150090584,0.424212140410891
850,0.424184009770192,0.424916723490588,0.42573152000091,0.426587232073785,0.425079224706003,0.424882664618503,0.427848725720788
860,0.423191604743919,0.425255142514371,0.422493096003724,0.426185194424523,0.424509531067982,0.42550629576042,0.427459097975118
870,0.426881866435896,0.425107566975859,0.423955676550375,0.425970083860764,0.424074303067414,0.424229254384943,0.428111535660638
880,0.424455107968467,0.425207045547954,0.424161252502733,0.426128622136246,0.424571660107171,0.428529769845004,0.425982683493569
890,0.424753603661741,0.423264568638657,0.427600760475875,0.426187726600266,0.424933908892518,0.427402546626066,0.426830666858575
900,0.425776854411821,0.422803291542745,0.424287068849699,0.424357781008428,0.425957102709049,0.426009467407903,0.426236149869341
910,0.424977756975709,0.425146312098686,0.427410655811927,0.425122482219345,0.424246436037392,0.423358183143839,0.425748601164155
920,0.423236333922382,0.424548099923048,0.42658320806687,0.42320239259491,0.422796001301792,0.426367622503782,0.428703497343648
930,0.42473562363226,0.424374251005517,0.425517538116044,0.423618332933575,0.427521888452681,0.425075325063915,0.426795794316294
940,0.425310125512501,0.425986917171738,0.427877342149925,0.425130069768484,0.424705531720841,0.424459358364649,0.428340448234564
950,0.424645786042905,0.425884793257836,0.426417427718755,0.424625327791456,0.424779947879286,0.426274970245964,0.427374711162164
960,0.425927750578062,0.424444174160291,0.424932548176786,0.424043428833012,0.425658467154751,0.425470762089464,0.423965937125835
970,0.425475596094334,0.426614002965082,0.427138498864424,0.426626038429632,0.427520350071543,0.42345041459823,0.428777961895509
980,0.424875914486831,0.426655954327583,0.423371392675339,0.42499102992616,0.424220364326423,0.42617658081706,0.426844724810835
990,0.428605172011053,0.426232238866432,0.423788891892341,0.426234803329391,0.426885620511465,0.427157935684136,0.42412486212863
1000,0.425400667947869,0.424813444430002,0.42678173914137,0.427167088503883,0.42631342373709,0.42584825268196,0.427755031718647
1010,0.425948580563691,0.42598613621629,0.424251769595081,0.426381197898331,0.423418771002199,0.424586214026885,0.425041948542192
1020,0.425284585328939,0.42820438899187,0.427030845041446,0.425328385097972,0.424880332175333,0.425199930416066,0.427544871409447
1030,0.427065342908759,0.426942913100487,0.42553164776752,0.42556354416358,0.42703963876051,0.426045578325427,0.426699328605164
1040,0.425830366156512,0.425859774600932,0.427013694678976,0.423593019686401,0.426690773503373,0.427277854963503,0.425952038485559
1050,0.425288426276688,0.427007353893188,0.426322883280345,0.426879929009046,0.425452050787489,0.427458962872656,0.42745615469159
1060,0.427179250403915,0.425947821760894,0.429266560651258,0.425546113823292,0.427426154291407,0.424644209686978,0.426183436202303
1070,0.427438937765933,0.425568642540331,0.424592564219447,0.425413509247301,0.426029950636844,0.426682829207742,0.42796491422201
1080,0.426059262031279,0.424776714086724,0.424847503250787,0.425968440171261,0.423984002699678,0.42782396919919,0.425197126814852
1090,0.425781917855927,0.42749170367625,0.427750041563215,0.424992795869785,0.424663908392404,0.427427316140062,0.424653761543618
1100,0.427195309048873,0.428089528259005,0.428036596891525,0.427070900501235,0.427347647824536,0.426699617072448,0.424935515818776
1110,0.425044024605676,0.426358383196799,0.426889181572495,0.424295865189138,0.427490322926143,0.428024820395543,0.425652145730184
1120,0.427835702867597,0.425441541403351,0.426296881892203,0.426277109816816,0.427070791228407,0.426868795132212,0.424368541086605
1130,0.425637265925327,0.425296968219554,0.428915616231855,0.426980802944543,0.426698522768256,0.426530490178096,0.426422168992691
1140,0.424169444755628,0.424016848095586,0.424221632911244,0.428294997287696,0.427010026304159,0.426226245282941,0.427635772616227
1150,0.425997548469857,0.426436145226826,0.427446007086076,0.429452934051283,0.427564484955611,0.430447174241981,0.429643456571485
1160,0.428061383759989,0.42712903487326,0.428575779336009,0.425662172980795,0.427827037449491,0.426633649248013,0.426995381505145
1170,0.425449330846017,0.425498727010222,0.427555049656972,0.426109834433163,0.424617462740094,0.427940167292921,0.427833692906071
1180,0.425237074326373,0.427238701899493,0.427122654736612,0.427460673974336,0.426802285532145,0.427590279107483,0.42365741035522
1190,0.426923028830849,0.424676491918349,0.425609126269292,0.426150018771807,0.426949609569258,0.426598130596396,0.427618925782851
1200,0.426586766028853,0.424781880770274,0.427590002205143,0.427738263892048,0.42551471020423,0.424614782540455,0.427971299515293
1210,0.427851656504157,0.42612777107199,0.424750853240878,0.427547213329448,0.425151837884399,0.426184719082089,0.4271663632689
1220,0.428278171967938,0.426995639681857,0.424245731944137,0.430032298192933,0.426888958804139,0.422952003687171,0.426437653930846
1230,0.427756919117745,0.428259659194591,0.427192171502994,0.426605300996216,0.428304058307013,0.427616286925125,0.426036234411622
1240,0.429339011789401,0.426550304557432,0.424153794870686,0.426329054977329,0.425920373878537,0.428296655707057,0.426895071194897
1250,0.425996414584693,0.422980302369695,0.427996971675601,0.423201430505094,0.425554630199772,0.426008932884631,0.427728712954825
1260,0.427154922042637,0.426105347277953,0.427026876680617,0.425851098605234,0.423711281265112,0.427449975926083,0.425494484550913
1270,0.425041248697945,0.427747218675746,0.426063287774367,0.42641942099009,0.426141036414491,0.427353429682437,0.428825601380206
1280,0.42549528613941,0.427620515295826,0.425393173075263,0.428372408734224,0.426471583239425,0.427797479753848,0.428334967410569
1290,0.425167954445127,0.427541164685219,0.425569271143666,0.426968969399593,0.423729090189022,0.426593756314406,0.424784396195046
1300,0.428630453412366,0.42343332173377,0.425679089696061,0.426456891280944,0.425469907568996,0.426014226735794,0.426771497632306
1310,0.428065175296195,0.426323583980463,0.424402751251838,0.428223955836057,0.428435374894423,0.426195341016358,0.428117857637076
1320,0.424894878512827,0.42631708561222,0.425129326706156,0.427657872256171,0.428365333495951,0.426891735954043,0.428636491064613
1330,0.426026913781581,0.424623937358558,0.425929691975911,0.42780363195775,0.427262667830732,0.427613776458605,0.428292880978881
1340,0.425989290771372,0.425714944824947,0.426355441612151,0.425927220150179,0.427126446010939,0.426862860898539,0.426261575437694
1350,0.425344985356839,0.426860674025149,0.425164044604292,0.424981547210237,0.426123292392416,0.426537446399587,0.426664776501181
1360,0.426000495371565,0.427165628159305,0.425982213083327,0.425527932320179,0.425085798677203,0.425190799660914,0.428458842528409
1370,0.427987248041985,0.428695159985014,0.426516083633283,0.426253395591974,0.425411369757086,0.427941247591643,0.428279170314869
1380,0.426889852784261,0.428154597380679,0.429221466707021,0.42834468371922,0.424608960292075,0.424257729917364,0.428545963659035
1390,0.428855613366133,0.425103408932216,0.425593278592281,0.425400100509751,0.426625950224121,0.427030269054636,0.426985503248515
1400,0.429498523878056,0.426643501054419,0.426666617410509,0.424925933813067,0.429073597465534,0.427961587248159,0.424469374754008
1410,0.426863066205396,0.42682070294869,0.426218237164858,0.426745142490261,0.427297632708276,0.427969628684039,0.426301998727051
1420,0.429425076389415,0.42792372323171,0.427265390913818,0.428652446187849,0.427776043445557,0.425503737180269,0.427572962464382
1430,0.426156361731429,0.427743528515007,0.427343359313369,0.425620269161668,0.425607231588614,0.4267595938746,0.429797419725074
1440,0.427292628170715,0.424382992309925,0.428663892603299,0.42912786553668,0.425002711036429,0.427588845969987,0.428024979484714
1450,0.428486152027401,0.427503474764089,0.427322642839638,0.426745170691841,0.424233966948441,0.426291649846502,0.426022992425049
1460,0.428332971284537,0.426862654425149,0.425856142903916,0.42792350767831,0.426590329399872,0.427716462941687,0.431884433134352
1470,0.426196744947444,0.427166230589691,0.42772040646783,0.425750066557199,0.427000015061662,0.42797761978114,0.429601247294566
1480,0.427766459613266,0.425892386733798,0.42797363148907,0.428221595764998,0.427009344956014,0.425323563805562,0.426825048694862
1490,0.426043627635895,0.427581868191343,0.427287640974913,0.428237793537698,0.426403953281538,0.424807316562789,0.425345946308229
1500,0.42768108320278,0.426429633067438,0.427545221807724,0.425203998479475,0.426541121280098,0.427124143671602,0.431866897454167
1510,0.428273337993768,0.425151235817788,0.429488500043532,0.424808261551802,0.426712671751112,0.429907385492007,0.427297848057837
1520,0.428557793932264,0.427531050146976,0.42879884279296,0.427256458036587,0.426882199074031,0.425576011195542,0.427355107934702
1530,0.426979886356164,0.426620353603007,0.427879707780609,0.428923310048822,0.428181478970739,0.424749523294074,0.428413429140544
1540,0.428864811326556,0.429361720743663,0.427852066424092,0.42711388117725,0.426210752394865,0.426315273627906,0.428525439608081
1550,0.42639420097949,0.42909683295495,0.428148524038791,0.426797646668203,0.424141049106107,0.428769999754233,0.426435187854129
1560,0.427870576851238,0.426726707202219,0.426713976631573,0.428241765692327,0.42654959443616,0.426601822229349,0.428553140537081
1570,0.425511790034057,0.428076202848344,0.426968013943077,0.430683736323134,0.427969296471986,0.427083549571541,0.42890358761423
1580,0.427038155977303,0.428492188784813,0.428833249915289,0.427298558005834,0.429244271630575,0.425487185297344,0.427700891248987
1590,0.427491170790606,0.426858336956471,0.425597144417525,0.427087186950561,0.428278638953678,0.424685554441611,0.42653603129432
1600,0.426034459955085,0.428055376855637,0.424019842175879,0.428428067629577,0.427292130788904,0.426455505894353,0.428999204992454
1610,0.427913437193703,0.426856835353901,0.427773054438474,0.426825942964489,0.426315688444524,0.429388502137994,0.428751863771171
1620,0.4285181190393,0.427387745671031,0.427655343689279,0.4283984411011,0.429550943491688,0.430056100127594,0.425449208152648
1630,0.427358160617452,0.428009862073117,0.427292269663778,0.428588816122091,0.427144043789395,0.429869438108721,0.4283024002726
1640,0.429190194762136,0.427011016288455,0.428783647187336,0.425950587571877,0.42666291659993,0.429654886148786,0.427430625357504
1650,0.425977833880309,0.430016134131715,0.428570708955722,0.427758495123515,0.426679671083553,0.428107763894232,0.427817437540319
1660,0.428232563991584,0.428446219769796,0.428924935664304,0.427868674070071,0.427573512342223,0.427673652257293,0.427937361310824
1670,0.426503051526252,0.427597037654163,0.430917184359406,0.426492125246615,0.430733902266049,0.427627950072728,0.427938683687399
1680,0.429601460197279,0.426407412630348,0.4273737685209,0.426430642034721,0.427256119498285,0.427346435710219,0.426817426076875
1690,0.427483951900126,0.425646548407344,0.427118966308935,0.427650000951455,0.4259838581786,0.429809867390051,0.429118221980647
1700,0.428419714825125,0.428131625062726,0.42685499962299,0.426410968605536,0.428656833036807,0.428556196412674,0.426276088438566
1710,0.426662641741436,0.426269555763355,0.425661956276714,0.425515289716655,0.427216696718682,0.428412880562409,0.427435245364801
1720,0.428291303650195,0.429222878688884,0.429502477133284,0.42430688789794,0.42870557782472,0.428201911183294,0.428419278553181
1730,0.42870858901185,0.428197514563313,0.427565431688162,0.427683418916913,0.428284007147216,0.428674415445979,0.429640043831432
1740,0.426477030327893,0.426795910627797,0.427363217550231,0.427989662853894,0.425600296701308,0.429740658385465,0.425812629441105
1750,0.42895197153682,0.427228313108457,0.429126791342484,0.427980404268229,0.427708854301174,0.427921742235993,0.426811796287656
1760,0.428563083911072,0.429863261027571,0.425457263108127,0.42828606767356,0.427511501335673,0.426064335982183,0.429749790019704
1770,0.427507572573823,0.426213764047807,0.426266721595617,0.427069535199103,0.428331352263853,0.427110234751367,0.426065506926694
1780,0.427971358868915,0.428092804400306,0.42727584104446,0.428578318486118,0.429064690860083,0.429105162427371,0.426385633290333
1790,0.425726060688086,0.429629770361853,0.426258890478674,0.426580274437614,0.428388449071207,0.42615575713751,0.427227012790346
1800,0.426773393784826,0.430580576851788,0.427136517841972,0.426658175626864,0.42876901559986,0.427602975663115,0.426742661067716
1810,0.428111291458987,0.427604052774458,0.429786357284863,0.429537823116427,0.427377569559457,0.428611157349529,0.426790357059365
1820,0.427552541076436,0.427705164684421,0.428152659637461,0.427045834928253,0.430002824426227,0.43024872231307,0.42777300612477
1830,0.427536492658766,0.4275601705409,0.430887732104338,0.427669594196123,0.42733925986579,0.430932392783163,0.428143503737927
1840,0.428047854406858,0.428445169760943,0.427991872938505,0.42762532290193,0.426154778023119,0.427272006537205,0.426901352955058
1850,0.429033324190229,0.42824205671792,0.426837504073023,0.427084895232827,0.427883205560735,0.42738229004438,0.426754723383086
1860,0.426480940451863,0.426711837808414,0.427424078634611,0.427665956197251,0.429476122168457,0.428935840539939,0.427700018539115
1870,0.428858930146705,0.429159426234792,0.426971819562322,0.427350186099454,0.429532802024031,0.429339546465444,0.426938359110272
1880,0.428775343188267,0.428015389607812,0.425979321960415,0.428288639231389,0.427801208980238,0.428648316680319,0.430997053584964
1890,0.426284149328425,0.429137042498178,0.425448295451915,0.426106420652604,0.42599846041126,0.427285455255477,0.431584789990294
1900,0.429217177149041,0.428124480656484,0.427663924588225,0.427241491666473,0.42714086299715,0.429718222212171,0.425886637598633
1910,0.42791631422034,0.427417299640121,0.428133066690217,0.428585443851006,0.427907172448318,0.430492614743972,0.427976430210245
1920,0.426986535564528,0.428042958938568,0.428116874510572,0.426793835938146,0.427663690178076,0.427291539900994,0.429851695535434
1930,0.428219923778391,0.427509144746595,0.429278639063837,0.428191474668442,0.428254305139368,0.425646556291701,0.427325801516497
1940,0.427987016529481,0.428995881969376,0.429466719526692,0.429156213457979,0.428061690881513,0.430153550256794,0.427359273660274
1950,0.428205575180512,0.427227178718749,0.427522063229988,0.429399021206453,0.427686832353116,0.428563553128742,0.426731031580738
1960,0.42791937720629,0.42769210508995,0.429430520007327,0.427816550103732,0.429487940498701,0.428362156903571,0.42637322991227
1970,0.428190677736799,0.427338131481287,0.428920625130198,0.428377054807728,0.425580039428035,0.425580961303301,0.427923053618714
1980,0.429822590778881,0.427435026101219,0.428188309542373,0.425791751396542,0.427615128627534,0.427684744387179,0.42820364934242
1990,0.430660801576894,0.427899114295353,0.427749626597457,0.427504112329202,0.426329580215305,0.427451798299317,0.429038869643624
2000,0.429128437555701,0.428683176938416,0.42695199390687,0.427688122634543,0.427599433993432,0.428455972970241,0.428209629015327
2010,0.42920251824118,0.42578635291004,0.42720256644694,0.428658238282818,0.426527383668844,0.430801064273667,0.428681235432029
2020,0.428938247906983,0.429311703202105,0.430579176742799,0.42556856665937,0.430041589726372,0.430722464029014,0.427667106408408
2030,0.42751638546619,0.428629248589503,0.428987194126238,0.4289300470717,0.427984145965673,0.429278849105443,0.427697198195737
2040,0.426310507087766,0.42457964972528,0.427214633376284,0.427360625143683,0.427579256083202,0.428059214255019,0.428092879890308
2050,0.42729993164693,0.427953309826208,0.426419496808948,0.428011006529336,0.429990382342211,0.430164102619707,0.428129779444617
2060,0.429246996868032,0.428668428831684,0.429405383488229,0.426962110413754,0.426826759219157,0.430403650915929,0.427355094712846
2070,0.428839997138475,0.428593679511502,0.428783597572122,0.427994116064255,0.428474976791294,0.426538948164941,0.431869709420991
2080,0.425803928516204,0.42837120859165,0.428181277611622,0.430878019304677,0.428735301330335,0.429371340489178,0.428210588266976
2090,0.425095370880094,0.429456295832828,0.428661873663371,0.430515915094515,0.430632735898531,0.426796839591675,0.428193895520533
2100,0.427944848285597,0.429344944639824,0.430330373038975,0.429905371973962,0.425567734337465,0.427503044622023,0.429743152597236
2110,0.428077633379145,0.429183842155304,0.42735235105622,0.428662702515843,0.429052395953852,0.429572599976745,0.428327514144369
2120,0.428166512970223,0.427508362142373,0.429820379812484,0.425958736839509,0.428709302639663,0.42629690410889,0.429088340634008
2130,0.428873542638102,0.427627100942039,0.426421422815784,0.427594514059777,0.430281393544156,0.432565217728866,0.429474863520998
2140,0.426933177401985,0.429761756387484,0.428642570468609,0.428640378271555,0.428023759305507,0.428310874566541,0.428352444112454
2150,0.429028634192256,0.426792227791716,0.427794042754711,0.429313663798381,0.428278637391493,0.428683504875065,0.426886414879473
2160,0.428556718327733,0.428302381054016,0.427181314483068,0.428379344455168,0.426552796103365,0.428293773348497,0.429223179852936
2170,0.425380871530893,0.426744832050222,0.427770462305689,0.427547456779726,0.427725265587876,0.428882222408663,0.428733607895332
2180,0.427957014191637,0.428118207770098,0.430773168859691,0.427667681805473,0.426706472216356,0.429075985192588,0.429849900847672
2190,0.42785014917607,0.428063117810024,0.428194383962737,0.427631098755341,0.428120086300768,0.429039737382774,0.425971854236605
2200,0.428747837443647,0.42695531489016,0.427689581730008,0.426506027850212,0.426583462942906,0.430135172407455,0.428505050876649
2210,0.425126011855274,0.428619807016877,0.429083461608147,0.428993623142246,0.427521691919905,0.427155330577948,0.424948056878448
2220,0.430449244394235,0.427421077166994,0.427339638856996,0.427091110867345,0.427310452606317,0.431659089278775,0.428075190567607
2230,0.428513676250691,0.42891839774337,0.428297382494275,0.429017030135452,0.429746558939727,0.427190090628604,0.428268377194414
2240,0.428501873047419,0.427944718063761,0.427841113213397,0.42635941390625,0.42648487702701,0.427218265414282,0.42702313980301
2250,0.429047225843732,0.428735640992533,0.427466981484212,0.427353423189008,0.42961188817005,0.428328071052321,0.431401237547757
2260,0.429562470792624,0.430982002912918,0.427643141441227,0.428515083888139,0.42937472698358,0.428978272781111,0.427113173770215
2270,0.42990527075694,0.428812956348243,0.430398933104552,0.427471031396972,0.42643178646793,0.430142598899858,0.43053304233535
2280,0.429774918314026,0.428384928160164,0.427583096680062,0.427867667194393,0.426837404455499,0.429685967645349,0.429760562362995
2290,0.42775511678838,0.428172189930734,0.42808075954686,0.427092624178452,0.42743014610657,0.426306821763077,0.428154853874786
2300,0.428115469705267,0.427697100357893,0.428240318710439,0.430014604772846,0.427233306780751,0.42878732409694,0.428469011677884
2310,0.426502115963772,0.428465004716811,0.430308937839758,0.426416205113963,0.429381196823983,0.426576235221939,0.428385131181229
2320,0.428432104096532,0.428746986074559,0.425243309042829,0.429927186189223,0.42684228581756,0.429501691814852,0.427307518846959
2330,0.428130870264192,0.429976148754305,0.428942176179745,0.432320893002808,0.427786591617439,0.429532008143529,0.42826955128067
2340,0.428394658492553,0.429983413172998,0.428833352165877,0.429015019182154,0.424938783739315,0.42919752307811,0.430181855068478
2350,0.429239925284105,0.42867524165412,0.429191480111174,0.42708421295964,0.430059431957673,0.428934503086115,0.433743552209319
2360,0.427180825202034,0.427445519751719,0.428654891035521,0.429796482664688,0.429023046936981,0.428750780824021,0.426478988669633
2370,0.431405075784086,0.429719214122069,0.428761784258444,0.428034777933525,0.428098597882173,0.428340199908136,0.42938027222541
2380,0.428306058661432,0.427242452805005,0.428454245414975,0.426575386615703,0.428815978012144,0.427192703633103,0.430793285963927
2390,0.430548836282907,0.428464124952261,0.428440627596811,0.429207370119709,0.427659640285832,0.427395650664357,0.428224985836249
2400,0.426459905374392,0.429723369506799,0.428504876261805,0.429428778504729,0.428140061915441,0.430443807090309,0.429774033818843
2410,0.42939230053635,0.429028204304197,0.427230003294137,0.429379073612383,0.427645708329764,0.425593316912613,0.428368405467221
2420,0.428925699028089,0.430484698814939,0.426573116463864,0.431294505899459,0.426454027501393,0.429480180020725,0.426447797904802
2430,0.42628823362382,0.427792934229244,0.428727764735736,0.425438810584389,0.427782362444407,0.43130139382327,0.428879202312305
2440,0.428711544580849,0.428019953672101,0.428715999231952,0.424975387873025,0.428906092527252,0.429022902492022,0.42717613811878
2450,0.429914147378687,0.429460416507091,0.42831651184465,0.428455789774772,0.427045844401978,0.426967633617704,0.428397171831794
2460,0.427801736271449,0.42811350776858,0.426885193303966,0.426530980522011,0.426348246322496,0.429828116635739,0.427183044922881
2470,0.430312473500332,0.431853960110581,0.428612666742032,0.427273009088117,0.425152983034725,0.42713436865444,0.426873175074047
2480,0.427937995130052,0.426263605710454,0.429976865851894,0.428932301563872,0.426956203301342,0.427882141495857,0.429404046237437
2490,0.426554454440825,0.430666774533233,0.429181676981011,0.429933133627467,0.428245051571503,0.425706632214075,0.425519207830028
2500,0.429883356143106,0.426329873920603,0.428008776484876,0.428201043963727,0.428513137432199,0.427664526762462,0.428272416083321
2510,0.427291948297688,0.428759561395628,0.430916712146239,0.430445058333791,0.427244058122665,0.428838044898312,0.430066543363609
2520,0.428482511377217,0.427536894843244,0.427836550030754,0.428054132219426,0.428481794322847,0.42938731734232,0.427469017457416
2530,0.430042439000953,0.428743011039897,0.426252127896922,0.427469418972791,0.428218637520736,0.426308729921274,0.430212723745142
2540,0.427405012559051,0.43247424004304,0.428068943002761,0.428627609277775,0.430105391557752,0.428991867870514,0.429180405285651
2550,0.43045626555146,0.428673545912941,0.428716099266917,0.427233027471368,0.427844210966042,0.42794919243372,0.428286923460694
2560,0.429771980990373,0.428749035909972,0.430264436214675,0.428247120340004,0.430280830499873,0.429371348501234,0.429356707352594
2570,0.430530718930445,0.429082831790004,0.43053962614636,0.428365137084252,0.429572693729165,0.428321237419457,0.429347613458431
2580,0.429172594836144,0.427433704966775,0.429197922250502,0.429105004418462,0.427258654940693,0.429340519187551,0.431475621239759
2590,0.431278481385917,0.430212670366796,0.428687606002059,0.430459668708573,0.42770804087192,0.428034392512208,0.427097680782257
2600,0.427440379599702,0.427746698151575,0.42700890261967,0.428210096390982,0.427220025950046,0.428917008722074,0.427612530076377
2610,0.4281029855408,0.427245721059354,0.428765609679665,0.430126754359342,0.431160268273638,0.428943711697459,0.430689266317169
2620,0.427730368860525,0.427359890957663,0.427567572167667,0.429137138051259,0.426783755252274,0.43023985286137,0.429712918769482
2630,0.430360985712615,0.432057363016634,0.429502459522209,0.428236196093961,0.428591812769504,0.427357947417029,0.427878173581682
2640,0.427051839067103,0.427191884974842,0.427181941149938,0.428960471339368,0.431233002985108,0.42765182514558,0.42890387219495
2650,0.429629815102498,0.428440491678276,0.431609701636014,0.429204319473676,0.431386321136435,0.427872902238769,0.427065063823868
2660,0.429689074488596,0.429404390577593,0.430807603349024,0.430834039514871,0.42722450230892,0.429327639764974,0.428690518613797
2670,0.427985460271176,0.427490788201397,0.430367482642658,0.427074674371962,0.428423370252429,0.428498820015399,0.427528869352393
2680,0.427397265914368,0.431495764550533,0.430645418818576,0.426852575103268,0.430656647785735,0.428498593780432,0.427953540177546
2690,0.429869793450374,0.428826879861141,0.427609863935543,0.428689872357087,0.429420064198501,0.428587063634547,0.429336192383733
2700,0.428828253660512,0.429223125160408,0.429808268730329,0.427585284462594,0.428695097961169,0.427859696376218,0.428932965286891
2710,0.42594477593979,0.431838704714839,0.429074466731387,0.428184367568431,0.429929855098048,0.428206397784986,0.430054394407207
2720,0.426308167205071,0.426454919840871,0.427512564567223,0.427410603506636,0.428570971758333,0.432911923856821,0.428006616922767
2730,0.428028620833026,0.429004651836696,0.429724874657928,0.433560156753562,0.43003304311493,0.428298924105072,0.429363324794133
2740,0.427741873572081,0.432503254732596,0.425865252947787,0.427515743227688,0.42937857259124,0.427318395686119,0.431435506719189
2750,0.427995163146689,0.428162220958508,0.42992538536554,0.430602337074414,0.429258926185762,0.426638275212438,0.430826025085978
2760,0.429947457938576,0.428334570063717,0.429854984851619,0.429492785473807,0.428741966268372,0.428214679970633,0.428477909213003
2770,0.427194534127112,0.426818580752352,0.429336216810687,0.427513143851033,0.42670707634343,0.428149815503231,0.429791127389403
2780,0.429851234183163,0.427052682584361,0.428323956707724,0.427640110778072,0.429327172477184,0.428151604741983,0.429323269140104
2790,0.429297793030342,0.428459049815755,0.428698158939425,0.429386259201032,0.427992231666007,0.43072418489652,0.425488346713872
2800,0.427166913577998,0.429326828272107,0.426802724621824,0.427931005873678,0.426751776404677,0.428388761293633,0.43026150408882
2810,0.43127813703115,0.427324037304597,0.429478643590055,0.43012778593206,0.427419875264634,0.428308645931837,0.427919522715928
2820,0.428002943798027,0.43089847635826,0.426930822508034,0.427880718905148,0.429107762149448,0.429362365957305,0.428492398820121
2830,0.429697952393315,0.427806534107586,0.424380162888362,0.428569137678403,0.429569075026199,0.428364897808743,0.431312047070101
2840,0.429483124246542,0.429746002385813,0.427905269427474,0.427635653421609,0.428445991276734,0.429867308864882,0.427480689313694
2850,0.429010365831668,0.426373185688247,0.429568118022952,0.428237729951836,0.42740138457451,0.424965644800013,0.430007375606752
2860,0.427993498568235,0.429973831893661,0.424223294367339,0.429477714202664,0.429262104248301,0.427739145907343,0.427401230407297
2870,0.430049162693177,0.426584544669865,0.428074934627226,0.430259836560289,0.42893965181972,0.428553330539713,0.428086382521592
2880,0.427157521646848,0.429682989233566,0.428773390855044,0.427344287939026,0.428661653478774,0.426678053388191,0.426262663612966
2890,0.431552861741526,0.425882440370075,0.426384873516838,0.429074850598054,0.428968994999765,0.42841979224951,0.431506462743497
2900,0.429661641989387,0.42931011953165,0.428265903446791,0.428846032156531,0.427644836160841,0.428679826086769,0.42697613660483
2910,0.428612310856246,0.428470084390576,0.428135670499081,0.430801004359984,0.430463447262879,0.430348001322664,0.429396654209947
2920,0.428625388165267,0.42367483937729,0.427769588375475,0.429584009551353,0.426582248294357,0.428882356817724,0.432259742959225
2930,0.426929148633447,0.42955368342284,0.43031968926763,0.429939398700874,0.426968082796987,0.427146068847832,0.429787428081767
2940,0.429350596240916,0.429089966244202,0.430155866622449,0.431867223311365,0.427246345165829,0.429343397823913,0.429305069370583
2950,0.426532102381328,0.427727085982612,0.429325009575469,0.429586294669803,0.427558542348371,0.427671058032273,0.430951284873725
2960,0.429047676975122,0.426023634457189,0.42983194632422,0.429359744182401,0.428065500235376,0.430326241812255,0.430377958250491
2970,0.425615585846406,0.42881780124491,0.42749093596096,0.429094750348802,0.431000306240776,0.427171702164642,0.429858835108081
2980,0.42793622489179,0.429236177767802,0.428572383224859,0.427730831713516,0.429318367966043,0.430005107637263,0.430787510101612
2990,0.42814027944194,0.427552722843856,0.42885605958769,0.428883343318349,0.430788399818932,0.43066461432514,0.427951315148643
3000,0.427167753778557,0.428216980311172,0.427355877115711,0.429327854231405,0.426729495907565,0.42755820656734,0.430522978596795
