Lkm,d100,d90,d80,d70,d60,d50
10,0.0590780790897572,0.0568738355931382,0.0582688958847882,0.0588455166226094,0.0573186959055795,0.0543335493981421
20,0.171280322060066,0.16793961895923,0.17045009422031,0.168137608521906,0.16798482486774,0.162726069065899
30,0.261940736681399,0.258556988885212,0.256487414312973,0.258870010143122,0.256692662332031,0.253005409506117
40,0.318571966548585,0.315421804324284,0.314786931530757,0.311398722652095,0.308542828869322,0.309123165975058
50,0.336541989126823,0.339051311043812,0.336809139094664,0.337586947872202,0.33951242706659,0.330695972554063
60,0.347556514691672,0.35247189535353,0.357237326613003,0.350919654141044,0.34879383122761,0.351778449639456
70,0.36774312210884,0.372004553158937,0.367284427890791,0.368545134607342,0.368053618253056,0.354564267741916
80,0.373121058957727,0.377100164127222,0.3743886681573,0.374471248302363,0.371375682271631,0.360600035924753
90,0.385384613618165,0.384235428908175,0.383296124617833,0.37836431638621,0.380776948651083,0.373773311498385
100,0.388680450967112,0.379633933592767,0.385806947369391,0.384862254576537,0.393794026151768,0.375960343437501
110,0.390167722743792,0.388429267161029,0.390296050203239,0.391125017594796,0.393107487530078,0.384210313645312
120,0.393681552306744,0.398786823666118,0.388447618676018,0.39883758559507,0.401917491478393,0.383410072964543
130,0.403981765774494,0.396790489172325,0.395834109839837,0.400342265166056,0.395465293481831,0.393244998823985
140,0.404600076953632,0.396317972029357,0.404180891380083,0.400607145731701,0.396577140949497,0.393119892813756
150,0.404554796953954,0.404456102831784,0.403523801211905,0.400441685034527,0.403866552409088,0.397820678099823
160,0.401357852057462,0.407966206126739,0.404182537516454,0.412948834101263,0.400864392946238,0.398247599905939
170,0.404606313938096,0.413801881470462,0.407389655496701,0.4063540030945,0.410504859468306,0.403667016916219
180,0.409543378319226,0.408399980308365,0.409414188297083,0.41138693745104,0.403356589030464,0.400870154699742
190,0.411274530655297,0.407664876729551,0.411011424169969,0.405171891805226,0.413963519687099,0.400047602661384
200,0.402186969650829,0.410153207937263,0.418811277317253,0.414844309502643,0.415452366097041,0.400398180079302
210,0.417305363575251,0.420613144280273,0.416067689006708,0.413340839722542,0.407253984648963,0.408702057570742
220,0.419106075752407,0.409538568907614,0.41002154348126,0.409890258475193,0.409632690674136,0.410140838371375
230,0.417638459016693,0.414451386477073,0.416186249898651,0.419593287149398,0.412593266303431,0.412116190695504
240,0.412692779877438,0.423018643522603,0.413805923078945,0.414728940392329,0.40903704996731,0.409714505982673
250,0.415499960608175,0.413723786971446,0.419369211934307,0.417026672264622,0.410095469007521,0.414422513030593
260,0.414051919508612,0.41558869414245,0.415557451624993,0.416318516500726,0.418756862403489,0.408472665066765
270,0.425041850725277,0.423874175468747,0.416550775596279,0.414781545559896,0.419769765497102,0.412237995584249
280,0.416953486133522,0.419455459246197,0.420003579309725,0.414897658782519,0.41080002723717,0.409930595929444
290,0.41705844614008,0.419649895123113,0.424252715556991,0.421502215191482,0.418863648441876,0.410817308686572
300,0.419688733019998,0.421266899728209,0.424810269214627,0.41217457172645,0.424586653840328,0.403720031624443
310,0.420737194827523,0.41557827396825,0.417559822937852,0.417941439694002,0.422091088783549,0.420403527418005
320,0.43086050661689,0.424919321866821,0.426709999931427,0.425931408409227,0.422158172553441,0.410423133650119
330,0.421017569037178,0.42509711690135,0.422624305450675,0.428164592466915,0.427315601650509,0.413229912447786
340,0.421155233748629,0.421899122227914,0.416672559684202,0.424520785499312,0.421932061148372,0.425099400732977
350,0.427694698789846,0.416970564133288,0.419586421513216,0.42699604144394,0.419559864891092,0.420061205524534
360,0.419725607264467,0.421870596073442,0.424787692813467,0.420688637339797,0.417270044840004,0.414924837242993
370,0.42167586620133,0.420109290356712,0.421238789307578,0.424298953147041,0.417803785348413,0.419784147292814
380,0.422321490023881,0.42221895905955,0.419045941368854,0.417654989540858,0.422357856344158,0.415708852693335
390,0.42918285014405,0.423727404420945,0.421019329901103,0.423781187581655,0.425972327635503,0.419844376587499
400,0.420056050262678,0.424987785829792,0.426366449526887,0.428688103057089,0.42127919840789,0.426334589691198
410,0.419552519725247,0.430261653772707,0.428084493465958,0.4288957772885,0.419590814070101,0.418583029964903
420,0.429206041496958,0.433759656286047,0.428481745846636,0.424004327717574,0.42166664720346,0.414289718490107
430,0.424006233593057,0.419972835703051,0.426050302485559,0.431498360981954,0.42431539743804,0.423658001062849
440,0.421659357353185,0.425420334971298,0.423329395012788,0.428138683008573,0.421382030834238,0.422208061186012
450,0.42181972973259,0.427433158995049,0.424521324294401,0.42750336041857,0.424980106984823,0.419021834020547
460,0.425761456352162,0.428264642714468,0.428826608959314,0.422849310087503,0.427771425374456,0.417686633121632
470,0.418420717244745,0.427271296572669,0.427404784621577,0.422540988768681,0.419064668547886,0.419552093379426
480,0.427018935201541,0.431575831515452,0.426215423961879,0.421402562864846,0.422064966471259,0.424536398389028
490,0.419648750656228,0.430905176988662,0.43045606350065,0.423479156165646,0.427360885609495,0.413526995220259
500,0.428099409821754,0.426585561746797,0.425739089454883,0.42430818535014,0.42567095537389,0.421005148949403
510,0.42784511542628,0.423233518824428,0.427779657856863,0.434304677152372,0.428872332844679,0.423843326068516
520,0.428341566834441,0.423383003988212,0.427066394469315,0.430654170557434,0.418156055053742,0.422444703547335
530,0.426667295818004,0.425241799672667,0.433260529435377,0.426698539414631,0.42361052070918,0.419707950750801
540,0.430408915182366,0.432266356344394,0.429724320155884,0.423468774503068,0.421237007574573,0.421342030011245
550,0.428055832713546,0.429418595339819,0.427389009276609,0.430491206003121,0.427758664650466,0.427908034218005
560,0.427168538624705,0.428630794019488,0.42522558465569,0.425402778098968,0.432119262567755,0.430858698985438
570,0.428020986933262,0.426946037513781,0.428221178445825,0.426419864808245,0.426886982399933,0.420471637613804
580,0.427064332957472,0.43194752153479,0.421419868866307,0.4306057164806,0.433805638700589,0.421517838302629
590,0.422551570879662,0.424541407488151,0.429523713574515,0.422582315086271,0.425329109494163,0.427946835510001
600,0.422667090844427,0.436327766639346,0.433183277697139,0.432953455952349,0.424740626011014,0.417975810638487
610,0.420482456745573,0.433117964067704,0.423053467404467,0.433443674979107,0.422640559063527,0.419310913921764
620,0.430446832325396,0.428163483594412,0.436273541552704,0.432594356564642,0.431955677443197,0.41984315704685
630,0.431970753266253,0.425132247047042,0.427641563744501,0.434755783714527,0.42735796583859,0.419606619548165
640,0.428586524018712,0.431524343005843,0.430021444889985,0.430550353667759,0.419676199418268,0.432239313126948
650,0.430245561607995,0.431133366527179,0.427007128121195,0.433470993045806,0.430728973556525,0.420729863554206
660,0.428237906951428,0.430993173345057,0.426597775251863,0.426553489032621,0.424458845636312,0.420439512882968
670,0.427195759927735,0.428160966021621,0.426596908804279,0.427953200848265,0.426865518462117,0.419004156722501
680,0.429716225039815,0.427836354911081,0.433500566392259,0.429759440547067,0.432249056141227,0.424348929951893
690,0.431375713268208,0.424229629590578,0.43061445239471,0.425915393320425,0.4218587300126,0.417600029632526
700,0.434046398865242,0.423694832874407,0.4305495157916,0.428086579947817,0.424384766334583,0.424089905202125
710,0.431672145637485,0.429972281846297,0.431162188692604,0.424912291531867,0.432919081261594,0.423509590893269
720,0.428702119412926,0.432658232379005,0.437731969719126,0.432175401456797,0.429939770624058,0.430746809115414
730,0.430486007986619,0.427553456237084,0.431690406110151,0.425278516610107,0.42753692898632,0.422426094497016
740,0.422714040759528,0.431330894576744,0.430519844774613,0.429646277599866,0.422929477208948,0.4234972731162
750,0.429136983941336,0.432294635751882,0.430823512876396,0.429191885935699,0.424504071342836,0.418031637538455
760,0.432465104547849,0.42265353380351,0.419789612658039,0.427168446433777,0.423735871056634,0.425143964866995
770,0.428652327829172,0.432134682493236,0.431852032719522,0.434390574605877,0.426831492789412,0.419520397253088
780,0.43733343203125,0.430329563570101,0.433351611636425,0.431810708342421,0.427246409433064,0.421257367906312
790,0.429368464390479,0.431799099762106,0.435281992655552,0.433966022627739,0.428984682428749,0.426474022555092
800,0.433064703683145,0.424078416498723,0.431530926757487,0.428118103830224,0.434792012647525,0.422432195471449
810,0.434188400533681,0.435021852445035,0.427703702128968,0.428358205821763,0.426340685566625,0.428160307321893
820,0.428433873480047,0.436324799613881,0.42560230903139,0.429726710046153,0.425325426955314,0.426178690335268
830,0.431446176650838,0.421378367733288,0.430541754331062,0.430571761070989,0.426394765290059,0.419599568008109
840,0.427310421616201,0.428121632315413,0.436054040452564,0.42807686219102,0.427054977070366,0.424481364229451
850,0.430493276628677,0.430611235909577,0.435422800344542,0.426721437176171,0.43026349236973,0.42848759138507
860,0.426035111115173,0.42855003438985,0.431572652145777,0.427402274047196,0.431060819679019,0.419794454418331
870,0.429450663683995,0.43361454036285,0.432788407695629,0.431041206723924,0.425646727379479,0.421657730401419
880,0.433436692078006,0.437548327876014,0.431141494022287,0.428031441411824,0.431855114038786,0.429825744462753
890,0.43176869127194,0.425449592302107,0.437951422617663,0.424855289366656,0.432586479770263,0.428993365273885
900,0.430853374917677,0.431903240809068,0.428818840655686,0.432882765862912,0.433027389718353,0.427775913617477
910,0.426047168780176,0.432919828197065,0.426573533676887,0.434085562702386,0.426461058205848,0.421867667735155
920,0.43186845095497,0.43244833851617,0.436285736091162,0.429054534890856,0.434416361002673,0.429777290731148
930,0.427075269083164,0.430623712853731,0.430601885420918,0.43912152541171,0.433659873759092,0.429554632796016
940,0.431689248465032,0.424905613398215,0.439140851272163,0.430336156170853,0.424308499068196,0.429867581825685
950,0.429043514147521,0.432826276331673,0.4252901376835,0.42808369372051,0.432179926084146,0.427269703415846
960,0.430031935505805,0.434978407947964,0.434568163462527,0.428403925096189,0.433688730924543,0.429789083409609
970,0.434987599786864,0.429646132456617,0.433434055727199,0.437699905899244,0.426263987659985,0.423418897960435
980,0.438310350822642,0.425085756431107,0.432828581821527,0.434921137602773,0.421730764711197,0.425985958757541
990,0.434713243852826,0.436574647976326,0.431625762830324,0.436671646444782,0.436767985455467,0.425150043656096
1000,0.430257421815683,0.430291610304231,0.439044661724235,0.42644283729293,0.432529941161239,0.430426314584956
1010,0.437623041364136,0.436716859699974,0.430046674641433,0.425758478960251,0.426606088414913,0.426223000811833
1020,0.428103170820198,0.434318746509474,0.431359094921972,0.430670096623243,0.43350720555615,0.424455780570625
1030,0.430928914372452,0.431140735413598,0.428869908451108,0.426426896741023,0.431340190165938,0.420750662956045
1040,0.434276197407411,0.431590126509196,0.431799678586982,0.431186978439617,0.429316295320779,0.433413452519495
1050,0.425249456802925,0.432066871009727,0.432946347997344,0.429569484487418,0.429482378067961,0.42635440803575
1060,0.43496705856355,0.425246729830764,0.435290602084351,0.431178992047967,0.426763914485477,0.422804390027444
1070,0.426938677077704,0.432529165725538,0.430341804250306,0.437382037040462,0.433586064934401,0.425782145411685
1080,0.437626999025375,0.431785324780961,0.433629967524325,0.434757304906667,0.436581737911563,0.425495520226976
1090,0.430355657420591,0.431656532762524,0.434942473417421,0.42737125735693,0.434702523743296,0.421880871417075
1100,0.432928747347011,0.427100674582196,0.441486850362955,0.429045486207974,0.433112846481803,0.428683687186651
1110,0.432648110428976,0.43296398594742,0.432410706011541,0.432523979448101,0.429086542333614,0.424913656488724
1120,0.435505976640394,0.440619847829169,0.43293183998617,0.429125537108093,0.427362409107591,0.430652583940176
1130,0.429609110856625,0.439205702910897,0.431588461050844,0.432016502441144,0.42743092626836,0.432500825839469
1140,0.431928472937822,0.430359420904403,0.425841677051677,0.432858497465419,0.429371147932437,0.430141258405471
1150,0.425686546922869,0.43814176344859,0.426924892235506,0.428716320584673,0.43309405184346,0.425975402973872
1160,0.431197508414983,0.43158169267273,0.436428174493761,0.437027082987091,0.439274098492891,0.423100138410795
1170,0.427197275511585,0.430296224019228,0.437479266618219,0.423957984861592,0.43166558751931,0.421473610358989
1180,0.435013586106714,0.426964960594356,0.434334630488855,0.430217881786872,0.436458939405575,0.42356174734264
1190,0.430014965234925,0.428432303856559,0.431949115783843,0.426654387312449,0.431549258009688,0.419028790777249
1200,0.431701070138641,0.434113831506328,0.427536074367138,0.433837396312881,0.431769230071917,0.428817585209196
1210,0.426576065722366,0.433192059958411,0.440238946840034,0.431673220489008,0.432015054496842,0.427756420675001
1220,0.429140946884761,0.422051900166861,0.429750213880557,0.430636077068684,0.428317992071023,0.423473164628331
1230,0.426632146424417,0.424375666850145,0.426751062411148,0.436185514387953,0.435220835994972,0.421611007776315
1240,0.43505695398245,0.434395361765206,0.435852861148837,0.43263712134469,0.430518922774736,0.428931426349036
1250,0.435517213058873,0.432386407362669,0.434713507908242,0.430363271320687,0.430879697235349,0.426025894360823
1260,0.435609537031234,0.440342384267796,0.43476087131975,0.427907430650482,0.433432950755925,0.431433173546498
1270,0.438144753671887,0.431543519473367,0.43146163050342,0.42805489599801,0.433214337982422,0.426336252619858
1280,0.438368951494321,0.431441356462334,0.433750111613161,0.441394136361658,0.43232604267352,0.420908795244567
1290,0.437011014619094,0.432317605923128,0.428686177896154,0.433194235317206,0.43282421358374,0.423675425879531
1300,0.430974953304035,0.434061964436428,0.434046958208823,0.431205498201475,0.431353682966248,0.424195125658745
1310,0.430872859023199,0.434422517619249,0.437561082045208,0.428128278133994,0.432737414666294,0.426558659406674
1320,0.438452789411472,0.435740351674715,0.437631959516924,0.43186913762058,0.431134995871346,0.422169515944858
1330,0.437579163762937,0.435121786877366,0.435741752881253,0.440356707627845,0.431672666846822,0.430186598852325
1340,0.432566286283513,0.431436883926164,0.431290854978813,0.433413051543505,0.440429777536934,0.419824181312442
1350,0.435204585678291,0.433526841146983,0.439299207002735,0.435225507355255,0.43196419094012,0.430347719134957
1360,0.43195740230041,0.432829639323931,0.425651827512727,0.441103289718025,0.435329973743278,0.422439372061027
1370,0.434593518506813,0.429189593062685,0.429121010477624,0.432770951795911,0.437257562691526,0.425887940619982
1380,0.433846820838317,0.429360886376811,0.432210093022452,0.427154979517153,0.433399770671759,0.419760657604004
1390,0.435888181301338,0.43301353224528,0.43753487094047,0.427641951704391,0.437792921340589,0.425678280324226
1400,0.439001451469962,0.437345717239635,0.433390923947314,0.430454329445628,0.431236434749804,0.430600664328049
1410,0.432990446861593,0.432954150444129,0.435331497733876,0.434392338857733,0.435455864595597,0.426154083015149
1420,0.4332547170498,0.42652859191173,0.435594254308594,0.435595636332328,0.427858935111686,0.422987780325995
1430,0.43506335109811,0.436123857366538,0.42911893836563,0.430617100704906,0.436180299522085,0.426899524000706
1440,0.43801087198912,0.433063869532594,0.436701982219672,0.434742018646422,0.437235406576736,0.427556346401713
1450,0.430943498938013,0.426949062111903,0.435239614228773,0.427294983618368,0.433422143322656,0.424739567460083
1460,0.435665054121229,0.428994689045037,0.430921500546894,0.436900084357297,0.438480107859892,0.428710046142509
1470,0.438476229464971,0.430175198995882,0.433151712402939,0.434969353656853,0.433864268494022,0.418591593368411
1480,0.435477592745235,0.435733415729008,0.429512758965099,0.428792474507009,0.438274434482209,0.423795520714312
1490,0.433104997598041,0.431781117462955,0.440046889505468,0.424182952875632,0.432615017082076,0.430555009431243
1500,0.439332767129546,0.438843760557184,0.433278566343325,0.433739757389387,0.436008196942285,0.421957563652235
1510,0.436149550643584,0.433290863857575,0.433514233559602,0.42369061164671,0.42689726679477,0.428796846438578
1520,0.438410009643582,0.436915504618187,0.434117070386607,0.42646647392373,0.42938648472468,0.423919051087586
1530,0.436524150173992,0.435760593593862,0.430293108450454,0.440503141989032,0.436324075507669,0.431948368378732
1540,0.433258642070534,0.435692394636711,0.434587325097601,0.429213943318465,0.436848987009443,0.430393449135872
1550,0.428835680373164,0.435840189665283,0.435019406511776,0.433360731987083,0.433564922567467,0.430419342904321
1560,0.429662282769231,0.439862500735225,0.439442769146197,0.432966969010002,0.437041499113072,0.43193161003633
1570,0.428217743503752,0.435567274490882,0.437200543988673,0.426648383046553,0.430487179631883,0.430773527944447
1580,0.433725325505624,0.434077195320058,0.431123818480602,0.436463774652177,0.4301835713828,0.432559478017773
1590,0.438120886909614,0.429906541076892,0.432727426554947,0.436663656263118,0.43742562600632,0.424869288546602
1600,0.432905577052233,0.436149144852654,0.436029889554711,0.430401636166848,0.439422387334889,0.432440940740581
1610,0.423103904353953,0.427258660346428,0.430378481111706,0.432805743954738,0.430001523695919,0.427620138602077
1620,0.428299298697235,0.437269424807307,0.431331146147667,0.440958971167147,0.429123113013256,0.426934542788334
1630,0.432269887234816,0.436183156177224,0.436868326865978,0.437177152204076,0.435480346088362,0.425588233305701
1640,0.433725035620072,0.431208150754799,0.432989020667642,0.434640723041511,0.435228007971863,0.423324320238878
1650,0.435659288405183,0.433265276854384,0.427100772884144,0.434323229227016,0.430329839788998,0.437863378389797
1660,0.435786264692002,0.43180105311114,0.430267422405096,0.437607599581651,0.434851818110207,0.433557390979264
1670,0.428131497886585,0.431544358917093,0.428463489101422,0.43354725122316,0.441606536735902,0.431022567595259
1680,0.432723040672318,0.432596504520841,0.433688794375661,0.429499590768387,0.436474541725641,0.423327349615269
1690,0.426964664689562,0.433897305091654,0.429016141899173,0.433800601585829,0.433242196601388,0.433214788357531
1700,0.430744234841852,0.436990784259833,0.431666741537852,0.430302697581755,0.432474731685713,0.426017677005363
1710,0.432576052655937,0.433485892085527,0.440231445964257,0.430438084219106,0.434773257016693,0.421700129621726
1720,0.431956076314265,0.43199567989436,0.424241477960417,0.433014450815185,0.438921461117187,0.426610706530409
1730,0.433742903599296,0.434996157181901,0.441431816992122,0.432356942673257,0.43107781854468,0.43045304556476
1740,0.437389464493622,0.438966877374237,0.436386356467114,0.435360302467738,0.430244589844505,0.433573534526915
1750,0.436385499106047,0.432310650330492,0.435942114100788,0.437623799561539,0.436125402178449,0.426649708008674
1760,0.434653513611011,0.433106548178843,0.434090358518514,0.440800197111746,0.433184087300878,0.431207601834361
1770,0.436092561256978,0.435203050304879,0.436499645465762,0.430983353042686,0.43458027287384,0.429496615073023
1780,0.437646869026253,0.432740327042482,0.432683014411543,0.429187515238147,0.430324954466659,0.429659410587738
1790,0.433430514353895,0.42682849456208,0.433279388227843,0.423258635796899,0.436468689391048,0.425670616687041
1800,0.436611412912197,0.434634167847486,0.43776156965264,0.435523076213504,0.43299252228575,0.429699796966872
1810,0.428492770973489,0.434794310399804,0.432469354047671,0.440816926801153,0.436267430189727,0.425158613704657
1820,0.434355948628257,0.432652050839813,0.431781480050035,0.436100189828166,0.432018586134372,0.435612449683554
1830,0.434319575671381,0.434794792690912,0.438819366127398,0.428910513583384,0.436585285820114,0.423689874737811
1840,0.435555482163075,0.431778393944811,0.427977565129358,0.434049867846482,0.432510485234378,0.424948724515992
1850,0.439054737473201,0.432955795347565,0.434572887754464,0.436108830471588,0.430529737889304,0.42901610862892
1860,0.437859047744423,0.430663507869455,0.437395768436556,0.43607746058003,0.427463770804562,0.428863601063347
1870,0.432700614102037,0.430266582924026,0.441387220599341,0.429110564998601,0.430796563734874,0.426344083381043
1880,0.432480608571042,0.436488606757525,0.436683693138302,0.441344147221588,0.436950980959093,0.428163856696484
1890,0.433857909572567,0.431226866562032,0.439533340701706,0.436955112442567,0.435737640961432,0.432520605028302
1900,0.441527885127105,0.43673015631301,0.433584729351222,0.43828357797139,0.434343517012896,0.431959290602718
1910,0.435543937013898,0.437473004752361,0.434325188239578,0.434929872086568,0.433488046537772,0.427164504095851
1920,0.427206382092571,0.434385564684337,0.435585448976948,0.429598687092669,0.435914871692764,0.429659613077376
1930,0.432779745868933,0.439663011988588,0.43311684879754,0.42864422117259,0.431826139510357,0.42641307062534
1940,0.428510669053895,0.432249982939012,0.428271092300934,0.431100719653862,0.431608376648698,0.42607158344681
1950,0.435375433570295,0.42835662383556,0.441405505527262,0.428513194489614,0.428367351214849,0.427035025324084
1960,0.432689985375566,0.434134032478516,0.439869205543593,0.424663050180047,0.437511070550807,0.431859641619731
1970,0.432469384019073,0.437362162649792,0.434698923754624,0.427356807753135,0.441491723397608,0.430991068506493
1980,0.435239514084726,0.43549110804745,0.438467856780858,0.445707667208427,0.435503521338406,0.429780743497315
1990,0.436594283004585,0.438222372869111,0.439290923310923,0.434639113080847,0.434760141617796,0.423595644172788
2000,0.431707007469836,0.436670462568805,0.433887728683752,0.43185510006117,0.435980508114063,0.431238624809379
2010,0.439026143767621,0.429872044890255,0.43754926542528,0.44747218621759,0.436176507774274,0.429461333366529
2020,0.427329122050897,0.440684461846872,0.430279271291786,0.433697710555373,0.434696479501253,0.431648576839381
2030,0.437207763575325,0.431552304117801,0.428409863561993,0.432173832677789,0.435139190729712,0.436300481605651
2040,0.437452652217845,0.433101765190249,0.441353640962145,0.439833255616265,0.429181560165293,0.426274667642419
2050,0.43492789577645,0.434097501028613,0.437187041439895,0.439692257739771,0.433902733532245,0.420966696313344
2060,0.432791592390767,0.438113358614398,0.437202680311312,0.432535373998438,0.43498804802686,0.433839765715751
2070,0.441055066397,0.436387849032423,0.436488682808714,0.429068490986503,0.438556493375312,0.429288329177021
2080,0.427447200142001,0.435918678091879,0.440467490918295,0.435579892700156,0.4280138783624,0.428333725483348
2090,0.430622215775621,0.440128150127721,0.437832649614085,0.429675906634247,0.438736856833279,0.425255723118959
2100,0.436334885022004,0.435577509823758,0.428910966857768,0.432125943005557,0.432619512710171,0.431405196791437
2110,0.434939171769294,0.436285192588556,0.431522347549655,0.44104172096773,0.443367772870973,0.427734191819078
2120,0.440011302367629,0.429536268938939,0.441676960977987,0.432416752367955,0.436924439077524,0.434150114330495
2130,0.434043437862899,0.44040928818822,0.426993110499189,0.434064295008954,0.438339445372547,0.428378158645136
2140,0.436500972020767,0.428343182590448,0.432155424347546,0.435910856576089,0.441669298314566,0.429544230776729
2150,0.434110382762354,0.437492283651917,0.435490506756718,0.428254969755645,0.42820748013951,0.424277182174024
2160,0.432382373072454,0.434557177181037,0.431732007954304,0.430261007026101,0.426918167951199,0.428752490889513
2170,0.43568598420018,0.431434948407011,0.433861371775056,0.431145563802099,0.438712856698572,0.429580760218375
2180,0.432666480096223,0.433947579077099,0.431185148245018,0.431906839783913,0.438509502041113,0.429024865649213
2190,0.432845115135906,0.435728405565762,0.422873669125917,0.427987961909063,0.432053199726339,0.429105955064726
2200,0.433336911393748,0.431334251891234,0.432775050842185,0.431654722523354,0.433160512033153,0.430254142733828
2210,0.430709984417901,0.442924394703267,0.428694178136978,0.438282955454344,0.432297756314662,0.425127107727472
2220,0.435076524685913,0.431149231110313,0.445141402114343,0.439657885390268,0.441410027747878,0.429775641634829
2230,0.430982062369017,0.440066994086773,0.437199725261383,0.429009576947695,0.438031473106029,0.428866953619563
2240,0.427377677484285,0.437351999818485,0.436761916867751,0.438093854240533,0.425705744471343,0.424291068861174
2250,0.437130797943646,0.431473242060984,0.433667514838035,0.431275384417267,0.439056884346993,0.421663996080218
2260,0.4256732515655,0.438153311156768,0.433904711438895,0.432695139540298,0.436176945275819,0.435927767369563
2270,0.434251823093545,0.443340336451622,0.435316247284543,0.427718934744824,0.431205812025499,0.425826668728539
2280,0.43601461813568,0.43528482136989,0.434978730681424,0.434404270315154,0.437532050109114,0.422559365463603
2290,0.433511144050081,0.432201262538639,0.42767148713826,0.431430190927361,0.441532543051381,0.423381538179201
2300,0.432016493366468,0.429153073634925,0.442072919414127,0.431911161976728,0.436840476530783,0.427842711756044
2310,0.439858526656046,0.435904374167159,0.42865223267767,0.432304366436173,0.43119285507315,0.431583771882299
2320,0.439885729484369,0.432454571239217,0.434398092331046,0.433968366759978,0.432809026496643,0.430091419592407
2330,0.43504098978401,0.432200713322026,0.42962851082604,0.436361547108312,0.437884443236804,0.421801310760336
2340,0.433854926664689,0.433437534882244,0.435215941732023,0.440260405711633,0.43799470756014,0.425951758147142
2350,0.433190508626951,0.434030075246561,0.439506393900394,0.436699847726145,0.437759749174073,0.422556773689964
2360,0.432571395406167,0.441767868020032,0.437499851929079,0.437146856378822,0.436085449066565,0.425287885087199
2370,0.438537404343169,0.439018265468465,0.434266308682318,0.441049678565303,0.443361786786463,0.420354087121317
2380,0.435072961371813,0.436378507256405,0.426466322976741,0.434992077585396,0.434595640874093,0.430261531677053
2390,0.428397545869123,0.438190587479605,0.437231598682796,0.433306579661781,0.426463234909315,0.427351840662375
2400,0.437174643094953,0.433733573288255,0.435153517239475,0.434568403728436,0.434932870010257,0.429441833192973
2410,0.432945759625475,0.435267869950642,0.431803336920412,0.428327997487597,0.438099032627457,0.428825413407145
2420,0.436840774376844,0.443289210404641,0.436899800701817,0.438151404870311,0.438184087179121,0.430186527393349
2430,0.429278580750239,0.434628106724056,0.435404523751934,0.438063658352803,0.427826561006801,0.43442998200307
2440,0.428804769996738,0.433997062895076,0.439349636567738,0.43885723352609,0.437689818421361,0.431706611705811
2450,0.427890304649248,0.43797778464413,0.429869121606196,0.434693282146428,0.435561809631798,0.430897382323942
2460,0.433479366549316,0.437946388594413,0.435926153605763,0.436703434147339,0.437311994684631,0.424732166049513
2470,0.435926034362795,0.430569465739782,0.430677757525116,0.438551869947545,0.441687502820555,0.422094853027585
2480,0.430415604904751,0.435659441576335,0.437835642980907,0.435861363826637,0.433868695223429,0.427967017434174
2490,0.431036921059641,0.435551033236075,0.436920425983647,0.435809029244135,0.437613412949796,0.427512875587813
2500,0.432330553703558,0.43209608852985,0.436574936606517,0.438971669190124,0.432063878916368,0.426434946134506
2510,0.435708075546168,0.432924034577962,0.440016118445887,0.433430340076975,0.431402711931585,0.421719878671914
2520,0.445894393841638,0.431103574911362,0.436769885756385,0.436726910188062,0.436783169715074,0.425194172975113
2530,0.435864454674995,0.428644995742963,0.432099836894905,0.428659346943179,0.429577922963639,0.431444156297633
2540,0.428301041884437,0.44181202311152,0.438675042236612,0.438451077260837,0.436854919610662,0.430669187680992
2550,0.435985356529934,0.43444924487426,0.428613493884236,0.437209168521135,0.422330851798708,0.430590726630476
2560,0.431415785750137,0.434858936942721,0.439037430708586,0.435415725236592,0.428764150852395,0.428421075962333
2570,0.43668428109626,0.433569736949826,0.439487566460979,0.42921485213052,0.435474753777078,0.423270870088772
2580,0.433108703863369,0.436672352208937,0.436012241681791,0.427536938799825,0.435562506816648,0.436225310154885
2590,0.428457622027551,0.433687008232963,0.434538734127899,0.43838531147829,0.440554725687818,0.433576951504373
2600,0.437382409532333,0.443913730488318,0.433170189655382,0.43117653503986,0.436869902763387,0.427665942559843
2610,0.440394299773817,0.434130276752297,0.441600830662028,0.435351727712629,0.433212518589431,0.430231631267433
2620,0.435640042437862,0.441458147753004,0.436155380857078,0.430949215505126,0.433689784038114,0.424845492640466
2630,0.440070314224934,0.432404227562171,0.429972822981733,0.438543526856177,0.430223740407824,0.431437763792442
2640,0.434818372783507,0.434926769819033,0.427595534793374,0.432996462644609,0.431872325965388,0.435074599705761
2650,0.44141934236939,0.43602580535091,0.444442677594257,0.435878767992962,0.436018917962525,0.430734589922245
2660,0.432286740755072,0.436893322468782,0.439697108175195,0.432556920627299,0.431608200256719,0.427071972084757
2670,0.432288212065958,0.437335163107605,0.432276929498729,0.434579265700156,0.434418655394578,0.434076499595966
2680,0.432485001232809,0.43341173498251,0.433158794220108,0.435018662689891,0.441380253846208,0.425950787065054
2690,0.435269963987499,0.43494153238719,0.436746458395094,0.438016060504825,0.436038903009355,0.431961635120676
2700,0.437249153219558,0.434166091328134,0.435731822964807,0.430535723482765,0.429788401109963,0.423549257857395
2710,0.433215288934284,0.437886959297351,0.441973229627256,0.43110015535051,0.433745198479733,0.431444241465177
2720,0.433348657493903,0.431907440555285,0.43606405526789,0.432618104237579,0.433520138835988,0.428271388168635
2730,0.43192326148772,0.437068103929437,0.439946340666405,0.434916486919061,0.435474399187454,0.432651488860594
2740,0.435112663020342,0.435290195000612,0.435941443487892,0.443090016172786,0.436163797460098,0.423629137968563
2750,0.427579186282478,0.4379961671112,0.434736386131547,0.435933527892161,0.429911257346087,0.424540787884167
2760,0.439639641538609,0.431222576917483,0.439573551543347,0.437085180811426,0.441747772467814,0.425795698269845
2770,0.431215723025311,0.434452152763311,0.430864058797553,0.436927333042852,0.438335883700885,0.427217878053328
2780,0.435544568163278,0.425058062346894,0.430346340558567,0.437460410273,0.433065231298661,0.429823141361273
2790,0.434490076025872,0.436158824484132,0.429539470361906,0.439668013300359,0.433125727966653,0.424390517270601
2800,0.426136446449922,0.43797497106806,0.43996428139377,0.434820316738653,0.43720034966551,0.426704696986521
2810,0.432057624197624,0.43424962626578,0.431162652549315,0.434021516063153,0.430453487575747,0.42983409552339
2820,0.426774774322691,0.426338932826386,0.436963800456427,0.434931743089591,0.432362868481854,0.425574731780772
2830,0.438793491012969,0.430934054618424,0.440605041380077,0.432886350752531,0.440377612295928,0.433515753954224
2840,0.431634271317844,0.444190227054288,0.434929681993385,0.428873789294311,0.439935224991886,0.425123802766976
2850,0.441111080564782,0.432998797684177,0.435155138283317,0.433128141098939,0.436577718663656,0.423912607791182
2860,0.436931634815895,0.433426498833743,0.439627412755945,0.431488593938912,0.435041697910109,0.433241049610696
2870,0.440152916859972,0.443241124686816,0.434991260406134,0.443886013715786,0.443371557343548,0.427035633766548
2880,0.435812123515087,0.437806962510913,0.432907555284774,0.435772083927128,0.438906364544378,0.430333839863025
2890,0.433809743838479,0.447730351585532,0.433946927149045,0.435631072803029,0.439723536465305,0.434399317702099
2900,0.434366768194368,0.434764552211501,0.437985711562708,0.431620078738109,0.435976309037914,0.42930905716025
2910,0.433309242912685,0.433169310861722,0.433821803383633,0.436077270508647,0.430156937545538,0.425371368049143
2920,0.42626730740435,0.42879067018225,0.440061319402682,0.433123574293092,0.43450607629588,0.426001089711586
2930,0.437110723098083,0.440888412944824,0.443596537983238,0.432487743970125,0.435964630632203,0.428022327036978
2940,0.435901873131666,0.438945978115963,0.43513164631331,0.440583965087343,0.430455274065565,0.427734311706855
2950,0.433674811833153,0.431803408533884,0.434131764543606,0.440480692519498,0.435420802161727,0.432105049716093
2960,0.42511025146246,0.440509404768524,0.4377651266685,0.434581151488432,0.437298132857147,0.426295236467414
2970,0.431431440454768,0.432933403501265,0.437948716388186,0.433684570900349,0.433891082724372,0.424273103106282
2980,0.432039150269868,0.438889457880634,0.431346364340948,0.442634777749098,0.431541536877359,0.429130129024137
2990,0.435715024168468,0.434640452851065,0.435398140685469,0.432691369871741,0.437254062093641,0.431053534244428
3000,0.431004361948283,0.432669104575723,0.440568797280768,0.431060873298738,0.439937423102563,0.428217767320803
